{0,0,0,0.2820948064},
{0,1,1,0.2820948064},
{0,2,2,0.2820948064},
{0,3,3,0.2820948064},
{0,4,4,0.2820948064},
{0,5,5,0.2820948064},
{0,6,6,0.2820948064},
{0,7,7,0.2820948064},
{0,8,8,0.2820948064},
{0,9,9,0.2820948064},
{0,10,10,0.2820948064},
{0,11,11,0.2820948064},
{0,12,12,0.2820948064},
{0,13,13,0.2820948064},
{0,14,14,0.2820948064},
{0,15,15,0.2820948064},
{0,16,16,0.2820948064},
{0,17,17,0.2820948064},
{0,18,18,0.2820948064},
{0,19,19,0.2820948064},
{0,20,20,0.2820948064},
{0,21,21,0.2820948064},
{0,22,22,0.2820948064},
{0,23,23,0.2820948064},
{0,24,24,0.2820948064},
{0,25,25,0.2820948064},
{0,26,26,0.2820948064},
{0,27,27,0.2820948064},
{0,28,28,0.2820948064},
{0,29,29,0.2820948064},
{0,30,30,0.2820948064},
{0,31,31,0.2820948064},
{0,32,32,0.2820948064},
{0,33,33,0.2820948064},
{0,34,34,0.2820948064},
{0,35,35,0.2820948064},
{0,36,36,0.2820948064},
{0,37,37,0.2820948064},
{0,38,38,0.2820948064},
{0,39,39,0.2820948064},
{0,40,40,0.2820948064},
{0,41,41,0.2820948064},
{0,42,42,0.2820948064},
{0,43,43,0.2820948064},
{0,44,44,0.2820948064},
{0,45,45,0.2820948064},
{0,46,46,0.2820948064},
{0,47,47,0.2820948064},
{0,48,48,0.2820948064},
{0,49,49,0.2820948064},
{0,50,50,0.2820948064},
{0,51,51,0.2820948064},
{0,52,52,0.2820948064},
{0,53,53,0.2820948064},
{0,54,54,0.2820948064},
{0,55,55,0.2820948064},
{0,56,56,0.2820948064},
{0,57,57,0.2820948064},
{0,58,58,0.2820948064},
{0,59,59,0.2820948064},
{0,60,60,0.2820948064},
{0,61,61,0.2820948064},
{0,62,62,0.2820948064},
{0,63,63,0.2820948064},
{0,64,64,0.2820948064},
{0,65,65,0.2820948064},
{0,66,66,0.2820948064},
{0,67,67,0.2820948064},
{0,68,68,0.2820948064},
{0,69,69,0.2820948064},
{0,70,70,0.2820948064},
{0,71,71,0.2820948064},
{0,72,72,0.2820948064},
{0,73,73,0.2820948064},
{0,74,74,0.2820948064},
{0,75,75,0.2820948064},
{0,76,76,0.2820948064},
{0,77,77,0.2820948064},
{0,78,78,0.2820948064},
{0,79,79,0.2820948064},
{0,80,80,0.2820948064},
{0,81,81,0.2820948064},
{0,82,82,0.2820948064},
{0,83,83,0.2820948064},
{0,84,84,0.2820948064},
{0,85,85,0.2820948064},
{0,86,86,0.2820948064},
{0,87,87,0.2820948064},
{0,88,88,0.2820948064},
{0,89,89,0.2820948064},
{0,90,90,0.2820948064},
{0,91,91,0.2820948064},
{0,92,92,0.2820948064},
{0,93,93,0.2820948064},
{0,94,94,0.2820948064},
{0,95,95,0.2820948064},
{0,96,96,0.2820948064},
{0,97,97,0.2820948064},
{0,98,98,0.2820948064},
{0,99,99,0.2820948064},
{0,100,100,0.2820948064},
{0,101,101,0.2820948064},
{0,102,102,0.2820948064},
{0,103,103,0.2820948064},
{0,104,104,0.2820948064},
{0,105,105,0.2820948064},
{0,106,106,0.2820948064},
{0,107,107,0.2820948064},
{0,108,108,0.2820948064},
{0,109,109,0.2820948064},
{0,110,110,0.2820948064},
{0,111,111,0.2820948064},
{0,112,112,0.2820948064},
{0,113,113,0.2820948064},
{0,114,114,0.2820948064},
{0,115,115,0.2820948064},
{0,116,116,0.2820948064},
{0,117,117,0.2820948064},
{0,118,118,0.2820948064},
{0,119,119,0.2820948064},
{0,120,120,0.2820948064},
{1,0,1,0.2820948064},
{1,1,0,0.2820948064},
{1,1,6,-0.1261566281},
{1,1,8,-0.218509689},
{1,2,5,0.218509689},
{1,3,4,0.218509689},
{1,4,3,0.218509689},
{1,4,13,-0.05839917064},
{1,4,15,-0.2261790186},
{1,5,2,0.218509689},
{1,5,12,-0.1430481672},
{1,5,14,-0.1846743971},
{1,6,1,-0.1261566281},
{1,6,11,0.2023006529},
{1,7,10,0.1846743971},
{1,8,1,-0.218509689},
{1,8,9,0.2261790186},
{1,8,11,0.05839917064},
{1,9,8,0.2261790186},
{1,9,22,-0.04352817312},
{1,9,24,-0.230329439},
{1,10,7,0.1846743971},
{1,10,21,-0.07539300621},
{1,10,23,-0.1994711459},
{1,11,6,0.2023006529},
{1,11,8,0.05839917064},
{1,11,20,-0.1507860124},
{1,11,22,-0.1685838848},
{1,12,5,-0.1430481672},
{1,12,19,0.1946638972},
{1,13,4,-0.05839917064},
{1,13,18,0.1685838848},
{1,14,5,-0.1846743971},
{1,14,17,0.1994711459},
{1,14,19,0.07539300621},
{1,15,4,-0.2261790186},
{1,15,16,0.230329439},
{1,15,18,0.04352817312},
{1,16,15,0.230329439},
{1,16,33,-0.03472346812},
{1,16,35,-0.2329321057},
{1,17,14,0.1994711459},
{1,17,32,-0.06014281139},
{1,17,34,-0.2083408087},
{1,18,13,0.1685838848},
{1,18,15,0.04352817312},
{1,18,31,-0.08505477756},
{1,18,33,-0.1837393194},
{1,19,12,0.1946638972},
{1,19,14,0.07539300621},
{1,19,30,-0.1552880704},
{1,19,32,-0.159122929},
{1,20,11,-0.1507860124},
{1,20,29,0.1901882738},
{1,21,10,-0.07539300621},
{1,21,28,0.159122929},
{1,22,9,-0.04352817312},
{1,22,11,-0.1685838848},
{1,22,27,0.1837393194},
{1,22,29,0.08505477756},
{1,23,10,-0.1994711459},
{1,23,26,0.2083408087},
{1,23,28,0.06014281139},
{1,24,9,-0.230329439},
{1,24,25,0.2329321057},
{1,24,27,0.03472346812},
{1,25,24,0.2329321057},
{1,25,46,-0.02889167145},
{1,25,48,-0.2347170562},
{1,26,23,0.2083408087},
{1,26,45,-0.05004184321},
{1,26,47,-0.2142663747},
{1,27,22,0.1837393194},
{1,27,24,0.03472346812},
{1,27,44,-0.07076985389},
{1,27,46,-0.1938112229},
{1,28,21,0.159122929},
{1,28,23,0.06014281139},
{1,28,43,-0.09136348963},
{1,28,45,-0.1733500361},
{1,29,20,0.1901882738},
{1,29,22,0.08505477756},
{1,29,42,-0.1582462043},
{1,29,44,-0.1528803557},
{1,30,19,-0.1552880704},
{1,30,41,0.1872394383},
{1,31,18,-0.08505477756},
{1,31,40,0.1528803557},
{1,32,17,-0.06014281139},
{1,32,19,-0.159122929},
{1,32,39,0.1733500361},
{1,32,41,0.09136348963},
{1,33,16,-0.03472346812},
{1,33,18,-0.1837393194},
{1,33,38,0.1938112229},
{1,33,40,0.07076985389},
{1,34,17,-0.2083408087},
{1,34,37,0.2142663747},
{1,34,39,0.05004184321},
{1,35,16,-0.2329321057},
{1,35,36,0.2347170562},
{1,35,38,0.02889167145},
{1,36,35,0.2347170562},
{1,36,61,-0.02474134974},
{1,36,63,-0.2360174358},
{1,37,34,0.2142663747},
{1,37,60,-0.04285327345},
{1,37,62,-0.218509689},
{1,38,33,0.1938112229},
{1,38,35,0.02889167145},
{1,38,59,-0.06060368195},
{1,38,61,-0.2009996772},
{1,39,32,0.1733500361},
{1,39,34,0.05004184321},
{1,39,58,-0.07823901623},
{1,39,60,-0.1834867597},
{1,40,31,0.1528803557},
{1,40,33,0.07076985389},
{1,40,57,-0.09582283348},
{1,40,59,-0.1659700274},
{1,41,30,0.1872394383},
{1,41,32,0.09136348963},
{1,41,56,-0.1603422761},
{1,41,58,-0.1484480947},
{1,42,29,-0.1582462043},
{1,42,55,0.1851473153},
{1,43,28,-0.09136348963},
{1,43,54,0.1484480947},
{1,44,27,-0.07076985389},
{1,44,29,-0.1528803557},
{1,44,53,0.1659700274},
{1,44,55,0.09582283348},
{1,45,26,-0.05004184321},
{1,45,28,-0.1733500361},
{1,45,52,0.1834867597},
{1,45,54,0.07823901623},
{1,46,25,-0.02889167145},
{1,46,27,-0.1938112229},
{1,46,51,0.2009996772},
{1,46,53,0.06060368195},
{1,47,26,-0.2142663747},
{1,47,50,0.218509689},
{1,47,52,0.04285327345},
{1,48,25,-0.2347170562},
{1,48,49,0.2360174358},
{1,48,51,0.02474134974},
{1,49,48,0.2360174358},
{1,49,78,-0.02163568325},
{1,49,80,-0.2370070368},
{1,50,47,0.218509689},
{1,50,77,-0.03747410327},
{1,50,79,-0.2216997743},
{1,51,46,0.2009996772},
{1,51,48,0.02474134974},
{1,51,76,-0.05299638212},
{1,51,78,-0.20639126},
{1,52,45,0.1834867597},
{1,52,47,0.04285327345},
{1,52,75,-0.06841803342},
{1,52,77,-0.1910811812},
{1,53,44,0.1659700274},
{1,53,46,0.06060368195},
{1,53,74,-0.08379463851},
{1,53,76,-0.1757691205},
{1,54,43,0.1484480947},
{1,54,45,0.07823901623},
{1,54,73,-0.09914715588},
{1,54,75,-0.1604545116},
{1,55,42,0.1851473153},
{1,55,44,0.09582283348},
{1,55,72,-0.1619066298},
{1,55,74,-0.1451365799},
{1,56,41,-0.1603422761},
{1,56,71,0.183584854},
{1,57,40,-0.09582283348},
{1,57,70,0.1451365799},
{1,58,39,-0.07823901623},
{1,58,41,-0.1484480947},
{1,58,69,0.1604545116},
{1,58,71,0.09914715588},
{1,59,38,-0.06060368195},
{1,59,40,-0.1659700274},
{1,59,68,0.1757691205},
{1,59,70,0.08379463851},
{1,60,37,-0.04285327345},
{1,60,39,-0.1834867597},
{1,60,67,0.1910811812},
{1,60,69,0.06841803342},
{1,61,36,-0.02474134974},
{1,61,38,-0.2009996772},
{1,61,66,0.20639126},
{1,61,68,0.05299638212},
{1,62,37,-0.218509689},
{1,62,65,0.2216997743},
{1,62,67,0.03747410327},
{1,63,36,-0.2360174358},
{1,63,64,0.2370070368},
{1,63,66,0.02163568325},
{1,64,63,0.2370070368},
{1,64,97,-0.01922380924},
{1,64,99,-0.2377853841},
{1,65,62,0.2216997743},
{1,65,96,-0.03329661489},
{1,65,98,-0.2241862118},
{1,66,61,0.20639126},
{1,66,63,0.02163568325},
{1,66,95,-0.04708852246},
{1,66,97,-0.2105862796},
{1,67,60,0.1910811812},
{1,67,62,0.03747410327},
{1,67,94,-0.06079101935},
{1,67,96,-0.1969854236},
{1,68,59,0.1757691205},
{1,68,61,0.05299638212},
{1,68,93,-0.07445348799},
{1,68,95,-0.1833834499},
{1,69,58,0.1604545116},
{1,69,60,0.06841803342},
{1,69,92,-0.08809456229},
{1,69,94,-0.1697800756},
{1,70,57,0.1451365799},
{1,70,59,0.08379463851},
{1,70,91,-0.1017228365},
{1,70,93,-0.1561749578},
{1,71,56,0.183584854},
{1,71,58,0.09914715588},
{1,71,90,-0.1631194204},
{1,71,92,-0.142567575},
{1,72,55,-0.1619066298},
{1,72,89,0.1823730618},
{1,73,54,-0.09914715588},
{1,73,88,0.142567575},
{1,74,53,-0.08379463851},
{1,74,55,-0.1451365799},
{1,74,87,0.1561749578},
{1,74,89,0.1017228365},
{1,75,52,-0.06841803342},
{1,75,54,-0.1604545116},
{1,75,86,0.1697800756},
{1,75,88,0.08809456229},
{1,76,51,-0.05299638212},
{1,76,53,-0.1757691205},
{1,76,85,0.1833834499},
{1,76,87,0.07445348799},
{1,77,50,-0.03747410327},
{1,77,52,-0.1910811812},
{1,77,84,0.1969854236},
{1,77,86,0.06079101935},
{1,78,49,-0.02163568325},
{1,78,51,-0.20639126},
{1,78,83,0.2105862796},
{1,78,85,0.04708852246},
{1,79,50,-0.2216997743},
{1,79,82,0.2241862118},
{1,79,84,0.03329661489},
{1,80,49,-0.2370070368},
{1,80,81,0.2377853841},
{1,80,83,0.01922380924},
{1,81,80,0.2377853841},
{1,81,118,-0.01729634218},
{1,81,120,-0.238413617},
{1,82,79,0.2241862118},
{1,82,117,-0.02995814197},
{1,82,119,-0.2261790186},
{1,83,78,0.2105862796},
{1,83,80,0.01922380924},
{1,83,116,-0.04236721247},
{1,83,118,-0.2139439285},
{1,84,77,0.1969854236},
{1,84,79,0.03329661489},
{1,84,115,-0.05469583347},
{1,84,117,-0.2017082721},
{1,85,76,0.1833834499},
{1,85,78,0.04708852246},
{1,85,114,-0.06698844582},
{1,85,116,-0.1894719303},
{1,86,75,0.1697800756},
{1,86,77,0.06079101935},
{1,86,113,-0.07926179469},
{1,86,115,-0.177234754},
{1,87,74,0.1561749578},
{1,87,76,0.07445348799},
{1,87,112,-0.09152363241},
{1,87,114,-0.1649965793},
{1,88,73,0.142567575},
{1,88,75,0.08809456229},
{1,88,111,-0.1037780493},
{1,88,113,-0.1527571529},
{1,89,72,0.1823730618},
{1,89,74,0.1017228365},
{1,89,110,-0.1640875041},
{1,89,112,-0.140516147},
{1,90,71,-0.1631194204},
{1,90,109,0.1814055592},
{1,91,70,-0.1017228365},
{1,91,108,0.140516147},
{1,92,69,-0.08809456229},
{1,92,71,-0.142567575},
{1,92,107,0.1527571529},
{1,92,109,0.1037780493},
{1,93,68,-0.07445348799},
{1,93,70,-0.1561749578},
{1,93,106,0.1649965793},
{1,93,108,0.09152363241},
{1,94,67,-0.06079101935},
{1,94,69,-0.1697800756},
{1,94,105,0.177234754},
{1,94,107,0.07926179469},
{1,95,66,-0.04708852246},
{1,95,68,-0.1833834499},
{1,95,104,0.1894719303},
{1,95,106,0.06698844582},
{1,96,65,-0.03329661489},
{1,96,67,-0.1969854236},
{1,96,103,0.2017082721},
{1,96,105,0.05469583347},
{1,97,64,-0.01922380924},
{1,97,66,-0.2105862796},
{1,97,102,0.2139439285},
{1,97,104,0.04236721247},
{1,98,65,-0.2241862118},
{1,98,101,0.2261790186},
{1,98,103,0.02995814197},
{1,99,64,-0.2377853841},
{1,99,100,0.238413617},
{1,99,102,0.01729634218},
{1,100,99,0.238413617},
{1,101,98,0.2261790186},
{1,102,97,0.2139439285},
{1,102,99,0.01729634218},
{1,103,96,0.2017082721},
{1,103,98,0.02995814197},
{1,104,95,0.1894719303},
{1,104,97,0.04236721247},
{1,105,94,0.177234754},
{1,105,96,0.05469583347},
{1,106,93,0.1649965793},
{1,106,95,0.06698844582},
{1,107,92,0.1527571529},
{1,107,94,0.07926179469},
{1,108,91,0.140516147},
{1,108,93,0.09152363241},
{1,109,90,0.1814055592},
{1,109,92,0.1037780493},
{1,110,89,-0.1640875041},
{1,111,88,-0.1037780493},
{1,112,87,-0.09152363241},
{1,112,89,-0.140516147},
{1,113,86,-0.07926179469},
{1,113,88,-0.1527571529},
{1,114,85,-0.06698844582},
{1,114,87,-0.1649965793},
{1,115,84,-0.05469583347},
{1,115,86,-0.177234754},
{1,116,83,-0.04236721247},
{1,116,85,-0.1894719303},
{1,117,82,-0.02995814197},
{1,117,84,-0.2017082721},
{1,118,81,-0.01729634218},
{1,118,83,-0.2139439285},
{1,119,82,-0.2261790186},
{1,120,81,-0.238413617},
{2,0,2,0.2820948064},
{2,1,5,0.218509689},
{2,2,0,0.2820948064},
{2,2,6,0.2523132563},
{2,3,7,0.218509689},
{2,4,10,0.1846743971},
{2,5,1,0.218509689},
{2,5,11,0.2335966825},
{2,6,2,0.2523132563},
{2,6,12,0.2477666885},
{2,7,3,0.218509689},
{2,7,13,0.2335966825},
{2,8,14,0.1846743971},
{2,9,17,0.1628675014},
{2,10,4,0.1846743971},
{2,10,18,0.2132436186},
{2,11,5,0.2335966825},
{2,11,19,0.238413617},
{2,12,6,0.2477666885},
{2,12,20,0.2462325245},
{2,13,7,0.2335966825},
{2,13,21,0.238413617},
{2,14,8,0.1846743971},
{2,14,22,0.2132436186},
{2,15,23,0.1628675014},
{2,16,26,0.1473191977},
{2,17,9,0.1628675014},
{2,17,27,0.1964256018},
{2,18,10,0.2132436186},
{2,18,28,0.2250337899},
{2,19,11,0.238413617},
{2,19,29,0.2405712456},
{2,20,12,0.2462325245},
{2,20,30,0.245532006},
{2,21,13,0.238413617},
{2,21,31,0.2405712456},
{2,22,14,0.2132436186},
{2,22,32,0.2250337899},
{2,23,15,0.1628675014},
{2,23,33,0.1964256018},
{2,24,34,0.1473191977},
{2,25,37,0.1355139613},
{2,26,16,0.1473191977},
{2,26,38,0.1827269793},
{2,27,17,0.1964256018},
{2,27,39,0.2123095691},
{2,28,18,0.2250337899},
{2,28,40,0.2311333716},
{2,29,19,0.2405712456},
{2,29,41,0.2417250723},
{2,30,20,0.245532006},
{2,30,42,0.2451539636},
{2,31,21,0.2405712456},
{2,31,43,0.2417250723},
{2,32,22,0.2250337899},
{2,32,44,0.2311333716},
{2,33,23,0.1964256018},
{2,33,45,0.2123095691},
{2,34,24,0.1473191977},
{2,34,46,0.1827269793},
{2,35,47,0.1355139613},
{2,36,50,0.1261566281},
{2,37,25,0.1355139613},
{2,37,51,0.1714130938},
{2,38,26,0.1827269793},
{2,38,52,0.2009996772},
{2,39,27,0.2123095691},
{2,39,53,0.22129336},
{2,40,28,0.2311333716},
{2,40,54,0.2347170562},
{2,41,29,0.2417250723},
{2,41,55,0.2424147278},
{2,42,30,0.2451539636},
{2,42,56,0.2449268699},
{2,43,31,0.2417250723},
{2,43,57,0.2424147278},
{2,44,32,0.2311333716},
{2,44,58,0.2347170562},
{2,45,33,0.2123095691},
{2,45,59,0.22129336},
{2,46,34,0.1827269793},
{2,46,60,0.2009996772},
{2,47,35,0.1355139613},
{2,47,61,0.1714130938},
{2,48,62,0.1261566281},
{2,49,65,0.1185035184},
{2,50,36,0.1261566281},
{2,50,66,0.1619066298},
{2,51,37,0.1714130938},
{2,51,67,0.1910811812},
{2,52,38,0.2009996772},
{2,52,68,0.2119855285},
{2,53,39,0.22129336},
{2,53,69,0.2269169539},
{2,54,40,0.2347170562},
{2,54,70,0.2370070368},
{2,55,41,0.2424147278},
{2,55,71,0.2428599447},
{2,56,42,0.2449268699},
{2,56,72,0.2447798103},
{2,57,43,0.2424147278},
{2,57,73,0.2428599447},
{2,58,44,0.2347170562},
{2,58,74,0.2370070368},
{2,59,45,0.22129336},
{2,59,75,0.2269169539},
{2,60,46,0.2009996772},
{2,60,76,0.2119855285},
{2,61,47,0.1714130938},
{2,61,77,0.1910811812},
{2,62,48,0.1261566281},
{2,62,78,0.1619066298},
{2,63,79,0.1185035184},
{2,64,82,0.1120931059},
{2,65,49,0.1185035184},
{2,65,83,0.1537904739},
{2,66,50,0.1619066298},
{2,66,84,0.1823730618},
{2,67,51,0.1910811812},
{2,67,85,0.203445673},
{2,68,52,0.2119855285},
{2,68,86,0.2191851437},
{2,69,53,0.2269169539},
{2,69,87,0.2306857109},
{2,70,54,0.2370070368},
{2,70,88,0.2385611981},
{2,71,55,0.2428599447},
{2,71,89,0.2431640774},
{2,72,56,0.2447798103},
{2,72,90,0.2446791381},
{2,73,57,0.2428599447},
{2,73,91,0.2431640774},
{2,74,58,0.2370070368},
{2,74,92,0.2385611981},
{2,75,59,0.2269169539},
{2,75,93,0.2306857109},
{2,76,60,0.2119855285},
{2,76,94,0.2191851437},
{2,77,61,0.1910811812},
{2,77,95,0.203445673},
{2,78,62,0.1619066298},
{2,78,96,0.1823730618},
{2,79,63,0.1185035184},
{2,79,97,0.1537904739},
{2,80,98,0.1120931059},
{2,81,101,0.1066218093},
{2,82,64,0.1120931059},
{2,82,102,0.1467643231},
{2,83,65,0.1537904739},
{2,83,103,0.1746844798},
{2,84,66,0.1823730618},
{2,84,104,0.1956857592},
{2,85,67,0.203445673},
{2,85,105,0.2118360549},
{2,86,68,0.2191851437},
{2,86,106,0.2241862118},
{2,87,69,0.2306857109},
{2,87,107,0.2333403975},
{2,88,70,0.2385611981},
{2,88,108,0.2396651357},
{2,89,71,0.2431640774},
{2,89,109,0.2433810979},
{2,90,72,0.2446791381},
{2,90,110,0.2446072102},
{2,91,73,0.2431640774},
{2,91,111,0.2433810979},
{2,92,74,0.2385611981},
{2,92,112,0.2396651357},
{2,93,75,0.2306857109},
{2,93,113,0.2333403975},
{2,94,76,0.2191851437},
{2,94,114,0.2241862118},
{2,95,77,0.203445673},
{2,95,115,0.2118360549},
{2,96,78,0.1823730618},
{2,96,116,0.1956857592},
{2,97,79,0.1537904739},
{2,97,117,0.1746844798},
{2,98,80,0.1120931059},
{2,98,118,0.1467643231},
{2,99,119,0.1066218093},
{2,101,81,0.1066218093},
{2,102,82,0.1467643231},
{2,103,83,0.1746844798},
{2,104,84,0.1956857592},
{2,105,85,0.2118360549},
{2,106,86,0.2241862118},
{2,107,87,0.2333403975},
{2,108,88,0.2396651357},
{2,109,89,0.2433810979},
{2,110,90,0.2446072102},
{2,111,91,0.2433810979},
{2,112,92,0.2396651357},
{2,113,93,0.2333403975},
{2,114,94,0.2241862118},
{2,115,95,0.2118360549},
{2,116,96,0.1956857592},
{2,117,97,0.1746844798},
{2,118,98,0.1467643231},
{2,119,99,0.1066218093},
{3,0,3,0.2820948064},
{3,1,4,0.218509689},
{3,2,7,0.218509689},
{3,3,0,0.2820948064},
{3,3,6,-0.1261566281},
{3,3,8,0.218509689},
{3,4,1,0.218509689},
{3,4,9,0.2261790186},
{3,4,11,-0.05839917064},
{3,5,10,0.1846743971},
{3,6,3,-0.1261566281},
{3,6,13,0.2023006529},
{3,7,2,0.218509689},
{3,7,12,-0.1430481672},
{3,7,14,0.1846743971},
{3,8,3,0.218509689},
{3,8,13,-0.05839917064},
{3,8,15,0.2261790186},
{3,9,4,0.2261790186},
{3,9,16,0.230329439},
{3,9,18,-0.04352817312},
{3,10,5,0.1846743971},
{3,10,17,0.1994711459},
{3,10,19,-0.07539300621},
{3,11,4,-0.05839917064},
{3,11,18,0.1685838848},
{3,12,7,-0.1430481672},
{3,12,21,0.1946638972},
{3,13,6,0.2023006529},
{3,13,8,-0.05839917064},
{3,13,20,-0.1507860124},
{3,13,22,0.1685838848},
{3,14,7,0.1846743971},
{3,14,21,-0.07539300621},
{3,14,23,0.1994711459},
{3,15,8,0.2261790186},
{3,15,22,-0.04352817312},
{3,15,24,0.230329439},
{3,16,9,0.230329439},
{3,16,25,0.2329321057},
{3,16,27,-0.03472346812},
{3,17,10,0.1994711459},
{3,17,26,0.2083408087},
{3,17,28,-0.06014281139},
{3,18,9,-0.04352817312},
{3,18,11,0.1685838848},
{3,18,27,0.1837393194},
{3,18,29,-0.08505477756},
{3,19,10,-0.07539300621},
{3,19,28,0.159122929},
{3,20,13,-0.1507860124},
{3,20,31,0.1901882738},
{3,21,12,0.1946638972},
{3,21,14,-0.07539300621},
{3,21,30,-0.1552880704},
{3,21,32,0.159122929},
{3,22,13,0.1685838848},
{3,22,15,-0.04352817312},
{3,22,31,-0.08505477756},
{3,22,33,0.1837393194},
{3,23,14,0.1994711459},
{3,23,32,-0.06014281139},
{3,23,34,0.2083408087},
{3,24,15,0.230329439},
{3,24,33,-0.03472346812},
{3,24,35,0.2329321057},
{3,25,16,0.2329321057},
{3,25,36,0.2347170562},
{3,25,38,-0.02889167145},
{3,26,17,0.2083408087},
{3,26,37,0.2142663747},
{3,26,39,-0.05004184321},
{3,27,16,-0.03472346812},
{3,27,18,0.1837393194},
{3,27,38,0.1938112229},
{3,27,40,-0.07076985389},
{3,28,17,-0.06014281139},
{3,28,19,0.159122929},
{3,28,39,0.1733500361},
{3,28,41,-0.09136348963},
{3,29,18,-0.08505477756},
{3,29,40,0.1528803557},
{3,30,21,-0.1552880704},
{3,30,43,0.1872394383},
{3,31,20,0.1901882738},
{3,31,22,-0.08505477756},
{3,31,42,-0.1582462043},
{3,31,44,0.1528803557},
{3,32,21,0.159122929},
{3,32,23,-0.06014281139},
{3,32,43,-0.09136348963},
{3,32,45,0.1733500361},
{3,33,22,0.1837393194},
{3,33,24,-0.03472346812},
{3,33,44,-0.07076985389},
{3,33,46,0.1938112229},
{3,34,23,0.2083408087},
{3,34,45,-0.05004184321},
{3,34,47,0.2142663747},
{3,35,24,0.2329321057},
{3,35,46,-0.02889167145},
{3,35,48,0.2347170562},
{3,36,25,0.2347170562},
{3,36,49,0.2360174358},
{3,36,51,-0.02474134974},
{3,37,26,0.2142663747},
{3,37,50,0.218509689},
{3,37,52,-0.04285327345},
{3,38,25,-0.02889167145},
{3,38,27,0.1938112229},
{3,38,51,0.2009996772},
{3,38,53,-0.06060368195},
{3,39,26,-0.05004184321},
{3,39,28,0.1733500361},
{3,39,52,0.1834867597},
{3,39,54,-0.07823901623},
{3,40,27,-0.07076985389},
{3,40,29,0.1528803557},
{3,40,53,0.1659700274},
{3,40,55,-0.09582283348},
{3,41,28,-0.09136348963},
{3,41,54,0.1484480947},
{3,42,31,-0.1582462043},
{3,42,57,0.1851473153},
{3,43,30,0.1872394383},
{3,43,32,-0.09136348963},
{3,43,56,-0.1603422761},
{3,43,58,0.1484480947},
{3,44,31,0.1528803557},
{3,44,33,-0.07076985389},
{3,44,57,-0.09582283348},
{3,44,59,0.1659700274},
{3,45,32,0.1733500361},
{3,45,34,-0.05004184321},
{3,45,58,-0.07823901623},
{3,45,60,0.1834867597},
{3,46,33,0.1938112229},
{3,46,35,-0.02889167145},
{3,46,59,-0.06060368195},
{3,46,61,0.2009996772},
{3,47,34,0.2142663747},
{3,47,60,-0.04285327345},
{3,47,62,0.218509689},
{3,48,35,0.2347170562},
{3,48,61,-0.02474134974},
{3,48,63,0.2360174358},
{3,49,36,0.2360174358},
{3,49,64,0.2370070368},
{3,49,66,-0.02163568325},
{3,50,37,0.218509689},
{3,50,65,0.2216997743},
{3,50,67,-0.03747410327},
{3,51,36,-0.02474134974},
{3,51,38,0.2009996772},
{3,51,66,0.20639126},
{3,51,68,-0.05299638212},
{3,52,37,-0.04285327345},
{3,52,39,0.1834867597},
{3,52,67,0.1910811812},
{3,52,69,-0.06841803342},
{3,53,38,-0.06060368195},
{3,53,40,0.1659700274},
{3,53,68,0.1757691205},
{3,53,70,-0.08379463851},
{3,54,39,-0.07823901623},
{3,54,41,0.1484480947},
{3,54,69,0.1604545116},
{3,54,71,-0.09914715588},
{3,55,40,-0.09582283348},
{3,55,70,0.1451365799},
{3,56,43,-0.1603422761},
{3,56,73,0.183584854},
{3,57,42,0.1851473153},
{3,57,44,-0.09582283348},
{3,57,72,-0.1619066298},
{3,57,74,0.1451365799},
{3,58,43,0.1484480947},
{3,58,45,-0.07823901623},
{3,58,73,-0.09914715588},
{3,58,75,0.1604545116},
{3,59,44,0.1659700274},
{3,59,46,-0.06060368195},
{3,59,74,-0.08379463851},
{3,59,76,0.1757691205},
{3,60,45,0.1834867597},
{3,60,47,-0.04285327345},
{3,60,75,-0.06841803342},
{3,60,77,0.1910811812},
{3,61,46,0.2009996772},
{3,61,48,-0.02474134974},
{3,61,76,-0.05299638212},
{3,61,78,0.20639126},
{3,62,47,0.218509689},
{3,62,77,-0.03747410327},
{3,62,79,0.2216997743},
{3,63,48,0.2360174358},
{3,63,78,-0.02163568325},
{3,63,80,0.2370070368},
{3,64,49,0.2370070368},
{3,64,81,0.2377853841},
{3,64,83,-0.01922380924},
{3,65,50,0.2216997743},
{3,65,82,0.2241862118},
{3,65,84,-0.03329661489},
{3,66,49,-0.02163568325},
{3,66,51,0.20639126},
{3,66,83,0.2105862796},
{3,66,85,-0.04708852246},
{3,67,50,-0.03747410327},
{3,67,52,0.1910811812},
{3,67,84,0.1969854236},
{3,67,86,-0.06079101935},
{3,68,51,-0.05299638212},
{3,68,53,0.1757691205},
{3,68,85,0.1833834499},
{3,68,87,-0.07445348799},
{3,69,52,-0.06841803342},
{3,69,54,0.1604545116},
{3,69,86,0.1697800756},
{3,69,88,-0.08809456229},
{3,70,53,-0.08379463851},
{3,70,55,0.1451365799},
{3,70,87,0.1561749578},
{3,70,89,-0.1017228365},
{3,71,54,-0.09914715588},
{3,71,88,0.142567575},
{3,72,57,-0.1619066298},
{3,72,91,0.1823730618},
{3,73,56,0.183584854},
{3,73,58,-0.09914715588},
{3,73,90,-0.1631194204},
{3,73,92,0.142567575},
{3,74,57,0.1451365799},
{3,74,59,-0.08379463851},
{3,74,91,-0.1017228365},
{3,74,93,0.1561749578},
{3,75,58,0.1604545116},
{3,75,60,-0.06841803342},
{3,75,92,-0.08809456229},
{3,75,94,0.1697800756},
{3,76,59,0.1757691205},
{3,76,61,-0.05299638212},
{3,76,93,-0.07445348799},
{3,76,95,0.1833834499},
{3,77,60,0.1910811812},
{3,77,62,-0.03747410327},
{3,77,94,-0.06079101935},
{3,77,96,0.1969854236},
{3,78,61,0.20639126},
{3,78,63,-0.02163568325},
{3,78,95,-0.04708852246},
{3,78,97,0.2105862796},
{3,79,62,0.2216997743},
{3,79,96,-0.03329661489},
{3,79,98,0.2241862118},
{3,80,63,0.2370070368},
{3,80,97,-0.01922380924},
{3,80,99,0.2377853841},
{3,81,64,0.2377853841},
{3,81,100,0.238413617},
{3,81,102,-0.01729634218},
{3,82,65,0.2241862118},
{3,82,101,0.2261790186},
{3,82,103,-0.02995814197},
{3,83,64,-0.01922380924},
{3,83,66,0.2105862796},
{3,83,102,0.2139439285},
{3,83,104,-0.04236721247},
{3,84,65,-0.03329661489},
{3,84,67,0.1969854236},
{3,84,103,0.2017082721},
{3,84,105,-0.05469583347},
{3,85,66,-0.04708852246},
{3,85,68,0.1833834499},
{3,85,104,0.1894719303},
{3,85,106,-0.06698844582},
{3,86,67,-0.06079101935},
{3,86,69,0.1697800756},
{3,86,105,0.177234754},
{3,86,107,-0.07926179469},
{3,87,68,-0.07445348799},
{3,87,70,0.1561749578},
{3,87,106,0.1649965793},
{3,87,108,-0.09152363241},
{3,88,69,-0.08809456229},
{3,88,71,0.142567575},
{3,88,107,0.1527571529},
{3,88,109,-0.1037780493},
{3,89,70,-0.1017228365},
{3,89,108,0.140516147},
{3,90,73,-0.1631194204},
{3,90,111,0.1814055592},
{3,91,72,0.1823730618},
{3,91,74,-0.1017228365},
{3,91,110,-0.1640875041},
{3,91,112,0.140516147},
{3,92,73,0.142567575},
{3,92,75,-0.08809456229},
{3,92,111,-0.1037780493},
{3,92,113,0.1527571529},
{3,93,74,0.1561749578},
{3,93,76,-0.07445348799},
{3,93,112,-0.09152363241},
{3,93,114,0.1649965793},
{3,94,75,0.1697800756},
{3,94,77,-0.06079101935},
{3,94,113,-0.07926179469},
{3,94,115,0.177234754},
{3,95,76,0.1833834499},
{3,95,78,-0.04708852246},
{3,95,114,-0.06698844582},
{3,95,116,0.1894719303},
{3,96,77,0.1969854236},
{3,96,79,-0.03329661489},
{3,96,115,-0.05469583347},
{3,96,117,0.2017082721},
{3,97,78,0.2105862796},
{3,97,80,-0.01922380924},
{3,97,116,-0.04236721247},
{3,97,118,0.2139439285},
{3,98,79,0.2241862118},
{3,98,117,-0.02995814197},
{3,98,119,0.2261790186},
{3,99,80,0.2377853841},
{3,99,118,-0.01729634218},
{3,99,120,0.238413617},
{3,100,81,0.238413617},
{3,101,82,0.2261790186},
{3,102,81,-0.01729634218},
{3,102,83,0.2139439285},
{3,103,82,-0.02995814197},
{3,103,84,0.2017082721},
{3,104,83,-0.04236721247},
{3,104,85,0.1894719303},
{3,105,84,-0.05469583347},
{3,105,86,0.177234754},
{3,106,85,-0.06698844582},
{3,106,87,0.1649965793},
{3,107,86,-0.07926179469},
{3,107,88,0.1527571529},
{3,108,87,-0.09152363241},
{3,108,89,0.140516147},
{3,109,88,-0.1037780493},
{3,110,91,-0.1640875041},
{3,111,90,0.1814055592},
{3,111,92,-0.1037780493},
{3,112,91,0.140516147},
{3,112,93,-0.09152363241},
{3,113,92,0.1527571529},
{3,113,94,-0.07926179469},
{3,114,93,0.1649965793},
{3,114,95,-0.06698844582},
{3,115,94,0.177234754},
{3,115,96,-0.05469583347},
{3,116,95,0.1894719303},
{3,116,97,-0.04236721247},
{3,117,96,0.2017082721},
{3,117,98,-0.02995814197},
{3,118,97,0.2139439285},
{3,118,99,-0.01729634218},
{3,119,98,0.2261790186},
{3,120,99,0.238413617},
{4,0,4,0.2820948064},
{4,1,3,0.218509689},
{4,1,13,-0.05839917064},
{4,1,15,-0.2261790186},
{4,2,10,0.1846743971},
{4,3,1,0.218509689},
{4,3,9,0.2261790186},
{4,3,11,-0.05839917064},
{4,4,0,0.2820948064},
{4,4,6,-0.1802237481},
{4,4,20,0.0402992554},
{4,4,24,-0.238413617},
{4,5,7,0.1560783535},
{4,5,21,-0.06371872127},
{4,5,23,-0.1685838848},
{4,6,4,-0.1802237481},
{4,6,18,0.1560783535},
{4,7,5,0.1560783535},
{4,7,17,0.1685838848},
{4,7,19,-0.06371872127},
{4,8,16,0.238413617},
{4,9,3,0.2261790186},
{4,9,13,-0.09403159469},
{4,9,31,0.01694331691},
{4,9,35,-0.245532006},
{4,10,2,0.1846743971},
{4,10,12,-0.1880631894},
{4,10,30,0.05357947573},
{4,10,34,-0.1901882738},
{4,11,3,-0.05839917064},
{4,11,13,0.145673126},
{4,11,15,0.09403159469},
{4,11,31,-0.06562118977},
{4,11,33,-0.1417579651},
{4,12,10,-0.1880631894},
{4,12,28,0.1417579651},
{4,13,1,-0.05839917064},
{4,13,9,-0.09403159469},
{4,13,11,0.145673126},
{4,13,27,0.1417579651},
{4,13,29,-0.06562118977},
{4,14,26,0.1901882738},
{4,15,1,-0.2261790186},
{4,15,11,0.09403159469},
{4,15,25,0.245532006},
{4,15,29,-0.01694331691},
{4,16,8,0.238413617},
{4,16,22,-0.07508081943},
{4,16,44,0.0112460684},
{4,16,48,-0.2502092123},
{4,17,7,0.1685838848},
{4,17,21,-0.1126212254},
{4,17,43,0.02514697239},
{4,17,47,-0.2042949796},
{4,18,6,0.1560783535},
{4,18,20,-0.1903646141},
{4,18,24,0.07508081943},
{4,18,42,0.0615972504},
{4,18,46,-0.1629710048},
{4,19,7,-0.06371872127},
{4,19,21,0.1418894082},
{4,19,23,0.1126212254},
{4,19,43,-0.0665326342},
{4,19,45,-0.1262367964},
{4,20,4,0.0402992554},
{4,20,18,-0.1903646141},
{4,20,40,0.1330652684},
{4,21,5,-0.06371872127},
{4,21,17,-0.1126212254},
{4,21,19,0.1418894082},
{4,21,39,0.1262367964},
{4,21,41,-0.0665326342},
{4,22,16,-0.07508081943},
{4,22,38,0.1629710048},
{4,23,5,-0.1685838848},
{4,23,19,0.1126212254},
{4,23,37,0.2042949796},
{4,23,41,-0.02514697239},
{4,24,4,-0.238413617},
{4,24,18,0.07508081943},
{4,24,36,0.2502092123},
{4,24,40,-0.0112460684},
{4,25,15,0.245532006},
{4,25,33,-0.06264134496},
{4,25,59,0.008013107814},
{4,25,63,-0.2535234094},
{4,26,14,0.1901882738},
{4,26,32,-0.09704355896},
{4,26,58,0.01791785471},
{4,26,62,-0.2142663747},
{4,27,13,0.1417579651},
{4,27,31,-0.1210345849},
{4,27,35,0.06264134496},
{4,27,57,0.03103463352},
{4,27,61,-0.1782803982},
{4,28,12,0.1417579651},
{4,28,30,-0.191372484},
{4,28,34,0.09704355896},
{4,28,56,0.06704246998},
{4,28,60,-0.145565331},
{4,29,13,-0.06562118977},
{4,29,15,-0.01694331691},
{4,29,31,0.1400703043},
{4,29,33,0.1210345849},
{4,29,57,-0.06704246998},
{4,29,59,-0.1161209717},
{4,30,10,0.05357947573},
{4,30,28,-0.191372484},
{4,30,54,0.12720415},
{4,31,9,0.01694331691},
{4,31,11,-0.06562118977},
{4,31,27,-0.1210345849},
{4,31,29,0.1400703043},
{4,31,53,0.1161209717},
{4,31,55,-0.06704246998},
{4,32,26,-0.09704355896},
{4,32,52,0.145565331},
{4,33,11,-0.1417579651},
{4,33,25,-0.06264134496},
{4,33,29,0.1210345849},
{4,33,51,0.1782803982},
{4,33,55,-0.03103463352},
{4,34,10,-0.1901882738},
{4,34,28,0.09704355896},
{4,34,50,0.2142663747},
{4,34,54,-0.01791785471},
{4,35,9,-0.245532006},
{4,35,27,0.06264134496},
{4,35,49,0.2535234094},
{4,35,53,-0.008013107814},
{4,36,24,0.2502092123},
{4,36,46,-0.053793367},
{4,36,76,0.006000658963},
{4,36,80,-0.2559968531},
{4,37,23,0.2042949796},
{4,37,45,-0.08505477756},
{4,37,75,0.01341788098},
{4,37,79,-0.2216997743},
{4,38,22,0.1629710048},
{4,38,44,-0.1088024378},
{4,38,48,0.053793367},
{4,38,74,0.02324045077},
{4,38,78,-0.189852342},
{4,39,21,0.1262367964},
{4,39,43,-0.1256342381},
{4,39,47,0.08505477756},
{4,39,73,0.03550037742},
{4,39,77,-0.1604545116},
{4,40,20,0.1330652684},
{4,40,24,-0.0112460684},
{4,40,42,-0.1919094622},
{4,40,46,0.1088024378},
{4,40,72,0.07100075483},
{4,40,76,-0.1335062236},
{4,41,21,-0.0665326342},
{4,41,23,-0.02514697239},
{4,41,43,0.1390516162},
{4,41,45,0.1256342381},
{4,41,73,-0.06735722721},
{4,41,75,-0.1090073809},
{4,42,18,0.0615972504},
{4,42,40,-0.1919094622},
{4,42,70,0.1229769066},
{4,43,17,0.02514697239},
{4,43,19,-0.0665326342},
{4,43,39,-0.1256342381},
{4,43,41,0.1390516162},
{4,43,69,0.1090073809},
{4,43,71,-0.06735722721},
{4,44,16,0.0112460684},
{4,44,38,-0.1088024378},
{4,44,68,0.1335062236},
{4,45,19,-0.1262367964},
{4,45,37,-0.08505477756},
{4,45,41,0.1256342381},
{4,45,67,0.1604545116},
{4,45,71,-0.03550037742},
{4,46,18,-0.1629710048},
{4,46,36,-0.053793367},
{4,46,40,0.1088024378},
{4,46,66,0.189852342},
{4,46,70,-0.02324045077},
{4,47,17,-0.2042949796},
{4,47,39,0.08505477756},
{4,47,65,0.2216997743},
{4,47,69,-0.01341788098},
{4,48,16,-0.2502092123},
{4,48,38,0.053793367},
{4,48,64,0.2559968531},
{4,48,68,-0.006000658963},
{4,49,35,0.2535234094},
{4,49,61,-0.04715949297},
{4,49,95,0.004662458319},
{4,49,99,-0.2579144537},
{4,50,34,0.2142663747},
{4,50,60,-0.07562343031},
{4,50,94,0.01042557415},
{4,50,98,-0.2274591774},
{4,51,33,0.1782803982},
{4,51,59,-0.09837755561},
{4,51,63,0.04715949297},
{4,51,93,0.01805762388},
{4,51,97,-0.198907271},
{4,52,32,0.145565331},
{4,52,58,-0.1159390584},
{4,52,62,0.07562343031},
{4,52,92,0.02758347616},
{4,52,96,-0.1722587496},
{4,53,31,0.1161209717},
{4,53,35,-0.008013107814},
{4,53,57,-0.1284400076},
{4,53,61,0.09837755561},
{4,53,91,0.0390089266},
{4,53,95,-0.1475135833},
{4,54,30,0.12720415},
{4,54,34,-0.01791785471},
{4,54,56,-0.1922314018},
{4,54,60,0.1159390584},
{4,54,90,0.07401423156},
{4,54,94,-0.1246717349},
{4,55,31,-0.06704246998},
{4,55,33,-0.03103463352},
{4,55,57,0.1384224296},
{4,55,59,0.1284400076},
{4,55,91,-0.06756544113},
{4,55,93,-0.1037331522},
{4,56,28,0.06704246998},
{4,56,54,-0.1922314018},
{4,56,88,0.1197807267},
{4,57,27,0.03103463352},
{4,57,29,-0.06704246998},
{4,57,53,-0.1284400076},
{4,57,55,0.1384224296},
{4,57,87,0.1037331522},
{4,57,89,-0.06756544113},
{4,58,26,0.01791785471},
{4,58,52,-0.1159390584},
{4,58,86,0.1246717349},
{4,59,25,0.008013107814},
{4,59,29,-0.1161209717},
{4,59,51,-0.09837755561},
{4,59,55,0.1284400076},
{4,59,85,0.1475135833},
{4,59,89,-0.0390089266},
{4,60,28,-0.145565331},
{4,60,50,-0.07562343031},
{4,60,54,0.1159390584},
{4,60,84,0.1722587496},
{4,60,88,-0.02758347616},
{4,61,27,-0.1782803982},
{4,61,49,-0.04715949297},
{4,61,53,0.09837755561},
{4,61,83,0.198907271},
{4,61,87,-0.01805762388},
{4,62,26,-0.2142663747},
{4,62,52,0.07562343031},
{4,62,82,0.2274591774},
{4,62,86,-0.01042557415},
{4,63,25,-0.2535234094},
{4,63,51,0.04715949297},
{4,63,81,0.2579144537},
{4,63,85,-0.004662458319},
{4,64,48,0.2559968531},
{4,64,78,-0.04199392349},
{4,64,116,0.003727336647},
{4,64,120,-0.2594451308},
{4,65,47,0.2216997743},
{4,65,77,-0.0680379346},
{4,65,115,0.008334578015},
{4,65,119,-0.23205477},
{4,66,46,0.189852342},
{4,66,76,-0.08957610279},
{4,66,80,0.04199392349},
{4,66,114,0.01443591248},
{4,66,118,-0.206186071},
{4,67,45,0.1604545116},
{4,67,75,-0.1070639193},
{4,67,79,0.0680379346},
{4,67,113,0.02205122076},
{4,67,117,-0.1818390191},
{4,68,44,0.1335062236},
{4,68,48,-0.006000658963},
{4,68,74,-0.1206183657},
{4,68,78,0.08957610279},
{4,68,112,0.03118513525},
{4,68,116,-0.1590136141},
{4,69,43,0.1090073809},
{4,69,47,-0.01341788098},
{4,69,73,-0.1302827299},
{4,69,77,0.1070639193},
{4,69,111,0.04183924943},
{4,69,115,-0.1377098262},
{4,70,42,0.1229769066},
{4,70,46,-0.02324045077},
{4,70,72,-0.192440331},
{4,70,76,0.1206183657},
{4,70,110,0.07638767362},
{4,70,114,-0.1179276556},
{4,71,43,-0.06735722721},
{4,71,45,-0.03550037742},
{4,71,73,0.1380061209},
{4,71,75,0.1302827299},
{4,71,111,-0.06771042943},
{4,71,113,-0.09966705739},
{4,72,40,0.07100075483},
{4,72,70,-0.192440331},
{4,72,108,0.1172779128},
{4,73,39,0.03550037742},
{4,73,41,-0.06735722721},
{4,73,69,-0.1302827299},
{4,73,71,0.1380061209},
{4,73,107,0.09966705739},
{4,73,109,-0.06771042943},
{4,74,38,0.02324045077},
{4,74,68,-0.1206183657},
{4,74,106,0.1179276556},
{4,75,37,0.01341788098},
{4,75,41,-0.1090073809},
{4,75,67,-0.1070639193},
{4,75,71,0.1302827299},
{4,75,105,0.1377098262},
{4,75,109,-0.04183924943},
{4,76,36,0.006000658963},
{4,76,40,-0.1335062236},
{4,76,66,-0.08957610279},
{4,76,70,0.1206183657},
{4,76,104,0.1590136141},
{4,76,108,-0.03118513525},
{4,77,39,-0.1604545116},
{4,77,65,-0.0680379346},
{4,77,69,0.1070639193},
{4,77,103,0.1818390191},
{4,77,107,-0.02205122076},
{4,78,38,-0.189852342},
{4,78,64,-0.04199392349},
{4,78,68,0.08957610279},
{4,78,102,0.206186071},
{4,78,106,-0.01443591248},
{4,79,37,-0.2216997743},
{4,79,67,0.0680379346},
{4,79,101,0.23205477},
{4,79,105,-0.008334578015},
{4,80,36,-0.2559968531},
{4,80,66,0.04199392349},
{4,80,100,0.2594451308},
{4,80,104,-0.003727336647},
{4,81,63,0.2579144537},
{4,81,97,-0.03785455972},
{4,82,62,0.2274591774},
{4,82,96,-0.06181623787},
{4,83,61,0.198907271},
{4,83,95,-0.08211807162},
{4,83,99,0.03785455972},
{4,84,60,0.1722587496},
{4,84,94,-0.09916698933},
{4,84,98,0.06181623787},
{4,85,59,0.1475135833},
{4,85,63,-0.004662458319},
{4,85,93,-0.1130677685},
{4,85,97,0.08211807162},
{4,86,58,0.1246717349},
{4,86,62,-0.01042557415},
{4,86,92,-0.1238595322},
{4,86,96,0.09916698933},
{4,87,57,0.1037331522},
{4,87,61,-0.01805762388},
{4,87,91,-0.1315598786},
{4,87,95,0.1130677685},
{4,88,56,0.1197807267},
{4,88,60,-0.02758347616},
{4,88,90,-0.1925839484},
{4,88,94,0.1238595322},
{4,89,57,-0.06756544113},
{4,89,59,-0.0390089266},
{4,89,91,0.137716189},
{4,89,93,0.1315598786},
{4,90,54,0.07401423156},
{4,90,88,-0.1925839484},
{4,91,53,0.0390089266},
{4,91,55,-0.06756544113},
{4,91,87,-0.1315598786},
{4,91,89,0.137716189},
{4,92,52,0.02758347616},
{4,92,86,-0.1238595322},
{4,93,51,0.01805762388},
{4,93,55,-0.1037331522},
{4,93,85,-0.1130677685},
{4,93,89,0.1315598786},
{4,94,50,0.01042557415},
{4,94,54,-0.1246717349},
{4,94,84,-0.09916698933},
{4,94,88,0.1238595322},
{4,95,49,0.004662458319},
{4,95,53,-0.1475135833},
{4,95,83,-0.08211807162},
{4,95,87,0.1130677685},
{4,96,52,-0.1722587496},
{4,96,82,-0.06181623787},
{4,96,86,0.09916698933},
{4,97,51,-0.198907271},
{4,97,81,-0.03785455972},
{4,97,85,0.08211807162},
{4,98,50,-0.2274591774},
{4,98,84,0.06181623787},
{4,99,49,-0.2579144537},
{4,99,83,0.03785455972},
{4,100,80,0.2594451308},
{4,100,118,-0.034461651},
{4,101,79,0.23205477},
{4,101,117,-0.05662626773},
{4,102,78,0.206186071},
{4,102,116,-0.07574964315},
{4,102,120,0.034461651},
{4,103,77,0.1818390191},
{4,103,115,-0.09219953418},
{4,103,119,0.05662626773},
{4,104,76,0.1590136141},
{4,104,80,-0.003727336647},
{4,104,114,-0.1060707197},
{4,104,118,0.07574964315},
{4,105,75,0.1377098262},
{4,105,79,-0.008334578015},
{4,105,113,-0.1173987761},
{4,105,117,0.09219953418},
{4,106,74,0.1179276556},
{4,106,78,-0.01443591248},
{4,106,112,-0.1261998862},
{4,106,116,0.1060707197},
{4,107,73,0.09966705739},
{4,107,77,-0.02205122076},
{4,107,111,-0.1324822903},
{4,107,115,0.1173987761},
{4,108,72,0.1172779128},
{4,108,76,-0.03118513525},
{4,108,110,-0.1926870346},
{4,108,114,0.1261998862},
{4,109,73,-0.06771042943},
{4,109,75,-0.04183924943},
{4,109,111,0.1375060976},
{4,109,113,0.1324822903},
{4,110,70,0.07638767362},
{4,110,108,-0.1926870346},
{4,111,69,0.04183924943},
{4,111,71,-0.06771042943},
{4,111,107,-0.1324822903},
{4,111,109,0.1375060976},
{4,112,68,0.03118513525},
{4,112,106,-0.1261998862},
{4,113,67,0.02205122076},
{4,113,71,-0.09966705739},
{4,113,105,-0.1173987761},
{4,113,109,0.1324822903},
{4,114,66,0.01443591248},
{4,114,70,-0.1179276556},
{4,114,104,-0.1060707197},
{4,114,108,0.1261998862},
{4,115,65,0.008334578015},
{4,115,69,-0.1377098262},
{4,115,103,-0.09219953418},
{4,115,107,0.1173987761},
{4,116,64,0.003727336647},
{4,116,68,-0.1590136141},
{4,116,102,-0.07574964315},
{4,116,106,0.1060707197},
{4,117,67,-0.1818390191},
{4,117,101,-0.05662626773},
{4,117,105,0.09219953418},
{4,118,66,-0.206186071},
{4,118,100,-0.034461651},
{4,118,104,0.07574964315},
{4,119,65,-0.23205477},
{4,119,103,0.05662626773},
{4,120,64,-0.2594451308},
{4,120,102,0.034461651},
{5,0,5,0.2820948064},
{5,1,2,0.218509689},
{5,1,12,-0.1430481672},
{5,1,14,-0.1846743971},
{5,2,1,0.218509689},
{5,2,11,0.2335966825},
{5,3,10,0.1846743971},
{5,4,7,0.1560783535},
{5,4,21,-0.06371872127},
{5,4,23,-0.1685838848},
{5,5,0,0.2820948064},
{5,5,6,0.09011187404},
{5,5,8,-0.1560783535},
{5,5,20,-0.1611970216},
{5,5,22,-0.1802237481},
{5,6,5,0.09011187404},
{5,6,19,0.2207281142},
{5,7,4,0.1560783535},
{5,7,18,0.1802237481},
{5,8,5,-0.1560783535},
{5,8,17,0.1685838848},
{5,8,19,0.06371872127},
{5,9,14,0.1486770064},
{5,9,32,-0.04482780397},
{5,9,34,-0.1552880704},
{5,10,3,0.1846743971},
{5,10,13,0.1151647195},
{5,10,15,-0.1486770064},
{5,10,31,-0.08300496638},
{5,10,33,-0.1793112159},
{5,11,2,0.2335966825},
{5,11,12,0.05947080255},
{5,11,14,-0.1151647195},
{5,11,30,-0.1694331765},
{5,11,32,-0.1736173481},
{5,12,1,-0.1430481672},
{5,12,11,0.05947080255},
{5,12,29,0.2143179029},
{5,13,10,0.1151647195},
{5,13,28,0.1736173481},
{5,14,1,-0.1846743971},
{5,14,9,0.1486770064},
{5,14,11,-0.1151647195},
{5,14,27,0.1793112159},
{5,14,29,0.08300496638},
{5,15,10,-0.1486770064},
{5,15,26,0.1552880704},
{5,15,28,0.04482780397},
{5,16,23,0.1404633522},
{5,16,45,-0.03373820335},
{5,16,47,-0.1444583684},
{5,17,8,0.1685838848},
{5,17,22,0.1327253878},
{5,17,24,-0.1404633522},
{5,17,44,-0.06361737102},
{5,17,46,-0.1742233336},
{5,18,7,0.1802237481},
{5,18,21,0.09029786289},
{5,18,23,-0.1327253878},
{5,18,43,-0.0940913558},
{5,18,45,-0.1785257906},
{5,19,6,0.2207281142},
{5,19,8,0.06371872127},
{5,19,20,0.04486937076},
{5,19,22,-0.09029786289},
{5,19,42,-0.1742233336},
{5,19,44,-0.1683157384},
{5,20,5,-0.1611970216},
{5,20,19,0.04486937076},
{5,20,41,0.2103946656},
{5,21,4,-0.06371872127},
{5,21,18,0.09029786289},
{5,21,40,0.1683157384},
{5,22,5,-0.1802237481},
{5,22,17,0.1327253878},
{5,22,19,-0.09029786289},
{5,22,39,0.1785257906},
{5,22,41,0.0940913558},
{5,23,4,-0.1685838848},
{5,23,16,0.1404633522},
{5,23,18,-0.1327253878},
{5,23,38,0.1742233336},
{5,23,40,0.06361737102},
{5,24,17,-0.1404633522},
{5,24,37,0.1444583684},
{5,24,39,0.03373820335},
{5,25,34,0.1328823715},
{5,25,60,-0.02657647245},
{5,25,62,-0.1355139613},
{5,26,15,0.1552880704},
{5,26,33,0.138662532},
{5,26,35,-0.1328823715},
{5,26,59,-0.05067934468},
{5,26,61,-0.1680843681},
{5,27,14,0.1793112159},
{5,27,32,0.1143669337},
{5,27,34,-0.138662532},
{5,27,58,-0.07601901889},
{5,27,60,-0.1782803982},
{5,28,13,0.1736173481},
{5,28,15,0.04482780397},
{5,28,31,0.07411824167},
