{0,0,0,0.2820948064},
{0,1,1,0.2820948064},
{0,2,2,0.2820948064},
{0,3,3,0.2820948064},
{0,4,4,0.2820948064},
{0,5,5,0.2820948064},
{0,6,6,0.2820948064},
{0,7,7,0.2820948064},
{0,8,8,0.2820948064},
{0,9,9,0.2820948064},
{0,10,10,0.2820948064},
{0,11,11,0.2820948064},
{0,12,12,0.2820948064},
{0,13,13,0.2820948064},
{0,14,14,0.2820948064},
{0,15,15,0.2820948064},
{0,16,16,0.2820948064},
{0,17,17,0.2820948064},
{0,18,18,0.2820948064},
{0,19,19,0.2820948064},
{0,20,20,0.2820948064},
{0,21,21,0.2820948064},
{0,22,22,0.2820948064},
{0,23,23,0.2820948064},
{0,24,24,0.2820948064},
{0,25,25,0.2820948064},
{0,26,26,0.2820948064},
{0,27,27,0.2820948064},
{0,28,28,0.2820948064},
{0,29,29,0.2820948064},
{0,30,30,0.2820948064},
{0,31,31,0.2820948064},
{0,32,32,0.2820948064},
{0,33,33,0.2820948064},
{0,34,34,0.2820948064},
{0,35,35,0.2820948064},
{0,36,36,0.2820948064},
{0,37,37,0.2820948064},
{0,38,38,0.2820948064},
{0,39,39,0.2820948064},
{0,40,40,0.2820948064},
{0,41,41,0.2820948064},
{0,42,42,0.2820948064},
{0,43,43,0.2820948064},
{0,44,44,0.2820948064},
{0,45,45,0.2820948064},
{0,46,46,0.2820948064},
{0,47,47,0.2820948064},
{0,48,48,0.2820948064},
{0,49,49,0.2820948064},
{0,50,50,0.2820948064},
{0,51,51,0.2820948064},
{0,52,52,0.2820948064},
{0,53,53,0.2820948064},
{0,54,54,0.2820948064},
{0,55,55,0.2820948064},
{0,56,56,0.2820948064},
{0,57,57,0.2820948064},
{0,58,58,0.2820948064},
{0,59,59,0.2820948064},
{0,60,60,0.2820948064},
{0,61,61,0.2820948064},
{0,62,62,0.2820948064},
{0,63,63,0.2820948064},
{0,64,64,0.2820948064},
{0,65,65,0.2820948064},
{0,66,66,0.2820948064},
{0,67,67,0.2820948064},
{0,68,68,0.2820948064},
{0,69,69,0.2820948064},
{0,70,70,0.2820948064},
{0,71,71,0.2820948064},
{0,72,72,0.2820948064},
{0,73,73,0.2820948064},
{0,74,74,0.2820948064},
{0,75,75,0.2820948064},
{0,76,76,0.2820948064},
{0,77,77,0.2820948064},
{0,78,78,0.2820948064},
{0,79,79,0.2820948064},
{0,80,80,0.2820948064},
{1,0,1,0.2820948064},
{1,1,0,0.2820948064},
{1,1,6,-0.1261566281},
{1,1,8,-0.218509689},
{1,2,5,0.218509689},
{1,3,4,0.218509689},
{1,4,3,0.218509689},
{1,4,13,-0.05839917064},
{1,4,15,-0.2261790186},
{1,5,2,0.218509689},
{1,5,12,-0.1430481672},
{1,5,14,-0.1846743971},
{1,6,1,-0.1261566281},
{1,6,11,0.2023006529},
{1,7,10,0.1846743971},
{1,8,1,-0.218509689},
{1,8,9,0.2261790186},
{1,8,11,0.05839917064},
{1,9,8,0.2261790186},
{1,9,22,-0.04352817312},
{1,9,24,-0.230329439},
{1,10,7,0.1846743971},
{1,10,21,-0.07539300621},
{1,10,23,-0.1994711459},
{1,11,6,0.2023006529},
{1,11,8,0.05839917064},
{1,11,20,-0.1507860124},
{1,11,22,-0.1685838848},
{1,12,5,-0.1430481672},
{1,12,19,0.1946638972},
{1,13,4,-0.05839917064},
{1,13,18,0.1685838848},
{1,14,5,-0.1846743971},
{1,14,17,0.1994711459},
{1,14,19,0.07539300621},
{1,15,4,-0.2261790186},
{1,15,16,0.230329439},
{1,15,18,0.04352817312},
{1,16,15,0.230329439},
{1,16,33,-0.03472346812},
{1,16,35,-0.2329321057},
{1,17,14,0.1994711459},
{1,17,32,-0.06014281139},
{1,17,34,-0.2083408087},
{1,18,13,0.1685838848},
{1,18,15,0.04352817312},
{1,18,31,-0.08505477756},
{1,18,33,-0.1837393194},
{1,19,12,0.1946638972},
{1,19,14,0.07539300621},
{1,19,30,-0.1552880704},
{1,19,32,-0.159122929},
{1,20,11,-0.1507860124},
{1,20,29,0.1901882738},
{1,21,10,-0.07539300621},
{1,21,28,0.159122929},
{1,22,9,-0.04352817312},
{1,22,11,-0.1685838848},
{1,22,27,0.1837393194},
{1,22,29,0.08505477756},
{1,23,10,-0.1994711459},
{1,23,26,0.2083408087},
{1,23,28,0.06014281139},
{1,24,9,-0.230329439},
{1,24,25,0.2329321057},
{1,24,27,0.03472346812},
{1,25,24,0.2329321057},
{1,25,46,-0.02889167145},
{1,25,48,-0.2347170562},
{1,26,23,0.2083408087},
{1,26,45,-0.05004184321},
{1,26,47,-0.2142663747},
{1,27,22,0.1837393194},
{1,27,24,0.03472346812},
{1,27,44,-0.07076985389},
{1,27,46,-0.1938112229},
{1,28,21,0.159122929},
{1,28,23,0.06014281139},
{1,28,43,-0.09136348963},
{1,28,45,-0.1733500361},
{1,29,20,0.1901882738},
{1,29,22,0.08505477756},
{1,29,42,-0.1582462043},
{1,29,44,-0.1528803557},
{1,30,19,-0.1552880704},
{1,30,41,0.1872394383},
{1,31,18,-0.08505477756},
{1,31,40,0.1528803557},
{1,32,17,-0.06014281139},
{1,32,19,-0.159122929},
{1,32,39,0.1733500361},
{1,32,41,0.09136348963},
{1,33,16,-0.03472346812},
{1,33,18,-0.1837393194},
{1,33,38,0.1938112229},
{1,33,40,0.07076985389},
{1,34,17,-0.2083408087},
{1,34,37,0.2142663747},
{1,34,39,0.05004184321},
{1,35,16,-0.2329321057},
{1,35,36,0.2347170562},
{1,35,38,0.02889167145},
{1,36,35,0.2347170562},
{1,36,61,-0.02474134974},
{1,36,63,-0.2360174358},
{1,37,34,0.2142663747},
{1,37,60,-0.04285327345},
{1,37,62,-0.218509689},
{1,38,33,0.1938112229},
{1,38,35,0.02889167145},
{1,38,59,-0.06060368195},
{1,38,61,-0.2009996772},
{1,39,32,0.1733500361},
{1,39,34,0.05004184321},
{1,39,58,-0.07823901623},
{1,39,60,-0.1834867597},
{1,40,31,0.1528803557},
{1,40,33,0.07076985389},
{1,40,57,-0.09582283348},
{1,40,59,-0.1659700274},
{1,41,30,0.1872394383},
{1,41,32,0.09136348963},
{1,41,56,-0.1603422761},
{1,41,58,-0.1484480947},
{1,42,29,-0.1582462043},
{1,42,55,0.1851473153},
{1,43,28,-0.09136348963},
{1,43,54,0.1484480947},
{1,44,27,-0.07076985389},
{1,44,29,-0.1528803557},
{1,44,53,0.1659700274},
{1,44,55,0.09582283348},
{1,45,26,-0.05004184321},
{1,45,28,-0.1733500361},
{1,45,52,0.1834867597},
{1,45,54,0.07823901623},
{1,46,25,-0.02889167145},
{1,46,27,-0.1938112229},
{1,46,51,0.2009996772},
{1,46,53,0.06060368195},
{1,47,26,-0.2142663747},
{1,47,50,0.218509689},
{1,47,52,0.04285327345},
{1,48,25,-0.2347170562},
{1,48,49,0.2360174358},
{1,48,51,0.02474134974},
{1,49,48,0.2360174358},
{1,49,78,-0.02163568325},
{1,49,80,-0.2370070368},
{1,50,47,0.218509689},
{1,50,77,-0.03747410327},
{1,50,79,-0.2216997743},
{1,51,46,0.2009996772},
{1,51,48,0.02474134974},
{1,51,76,-0.05299638212},
{1,51,78,-0.20639126},
{1,52,45,0.1834867597},
{1,52,47,0.04285327345},
{1,52,75,-0.06841803342},
{1,52,77,-0.1910811812},
{1,53,44,0.1659700274},
{1,53,46,0.06060368195},
{1,53,74,-0.08379463851},
{1,53,76,-0.1757691205},
{1,54,43,0.1484480947},
{1,54,45,0.07823901623},
{1,54,73,-0.09914715588},
{1,54,75,-0.1604545116},
{1,55,42,0.1851473153},
{1,55,44,0.09582283348},
{1,55,72,-0.1619066298},
{1,55,74,-0.1451365799},
{1,56,41,-0.1603422761},
{1,56,71,0.183584854},
{1,57,40,-0.09582283348},
{1,57,70,0.1451365799},
{1,58,39,-0.07823901623},
{1,58,41,-0.1484480947},
{1,58,69,0.1604545116},
{1,58,71,0.09914715588},
{1,59,38,-0.06060368195},
{1,59,40,-0.1659700274},
{1,59,68,0.1757691205},
{1,59,70,0.08379463851},
{1,60,37,-0.04285327345},
{1,60,39,-0.1834867597},
{1,60,67,0.1910811812},
{1,60,69,0.06841803342},
{1,61,36,-0.02474134974},
{1,61,38,-0.2009996772},
{1,61,66,0.20639126},
{1,61,68,0.05299638212},
{1,62,37,-0.218509689},
{1,62,65,0.2216997743},
{1,62,67,0.03747410327},
{1,63,36,-0.2360174358},
{1,63,64,0.2370070368},
{1,63,66,0.02163568325},
{1,64,63,0.2370070368},
{1,65,62,0.2216997743},
{1,66,61,0.20639126},
{1,66,63,0.02163568325},
{1,67,60,0.1910811812},
{1,67,62,0.03747410327},
{1,68,59,0.1757691205},
{1,68,61,0.05299638212},
{1,69,58,0.1604545116},
{1,69,60,0.06841803342},
{1,70,57,0.1451365799},
{1,70,59,0.08379463851},
{1,71,56,0.183584854},
{1,71,58,0.09914715588},
{1,72,55,-0.1619066298},
{1,73,54,-0.09914715588},
{1,74,53,-0.08379463851},
{1,74,55,-0.1451365799},
{1,75,52,-0.06841803342},
{1,75,54,-0.1604545116},
{1,76,51,-0.05299638212},
{1,76,53,-0.1757691205},
{1,77,50,-0.03747410327},
{1,77,52,-0.1910811812},
{1,78,49,-0.02163568325},
{1,78,51,-0.20639126},
{1,79,50,-0.2216997743},
{1,80,49,-0.2370070368},
{2,0,2,0.2820948064},
{2,1,5,0.218509689},
{2,2,0,0.2820948064},
{2,2,6,0.2523132563},
{2,3,7,0.218509689},
{2,4,10,0.1846743971},
{2,5,1,0.218509689},
{2,5,11,0.2335966825},
{2,6,2,0.2523132563},
{2,6,12,0.2477666885},
{2,7,3,0.218509689},
{2,7,13,0.2335966825},
{2,8,14,0.1846743971},
{2,9,17,0.1628675014},
{2,10,4,0.1846743971},
{2,10,18,0.2132436186},
{2,11,5,0.2335966825},
{2,11,19,0.238413617},
{2,12,6,0.2477666885},
{2,12,20,0.2462325245},
{2,13,7,0.2335966825},
{2,13,21,0.238413617},
{2,14,8,0.1846743971},
{2,14,22,0.2132436186},
{2,15,23,0.1628675014},
{2,16,26,0.1473191977},
{2,17,9,0.1628675014},
{2,17,27,0.1964256018},
{2,18,10,0.2132436186},
{2,18,28,0.2250337899},
{2,19,11,0.238413617},
{2,19,29,0.2405712456},
{2,20,12,0.2462325245},
{2,20,30,0.245532006},
{2,21,13,0.238413617},
{2,21,31,0.2405712456},
{2,22,14,0.2132436186},
{2,22,32,0.2250337899},
{2,23,15,0.1628675014},
{2,23,33,0.1964256018},
{2,24,34,0.1473191977},
{2,25,37,0.1355139613},
{2,26,16,0.1473191977},
{2,26,38,0.1827269793},
{2,27,17,0.1964256018},
{2,27,39,0.2123095691},
{2,28,18,0.2250337899},
{2,28,40,0.2311333716},
{2,29,19,0.2405712456},
{2,29,41,0.2417250723},
{2,30,20,0.245532006},
{2,30,42,0.2451539636},
{2,31,21,0.2405712456},
{2,31,43,0.2417250723},
{2,32,22,0.2250337899},
{2,32,44,0.2311333716},
{2,33,23,0.1964256018},
{2,33,45,0.2123095691},
{2,34,24,0.1473191977},
{2,34,46,0.1827269793},
{2,35,47,0.1355139613},
{2,36,50,0.1261566281},
{2,37,25,0.1355139613},
{2,37,51,0.1714130938},
{2,38,26,0.1827269793},
{2,38,52,0.2009996772},
{2,39,27,0.2123095691},
{2,39,53,0.22129336},
{2,40,28,0.2311333716},
{2,40,54,0.2347170562},
{2,41,29,0.2417250723},
{2,41,55,0.2424147278},
{2,42,30,0.2451539636},
{2,42,56,0.2449268699},
{2,43,31,0.2417250723},
{2,43,57,0.2424147278},
{2,44,32,0.2311333716},
{2,44,58,0.2347170562},
{2,45,33,0.2123095691},
{2,45,59,0.22129336},
{2,46,34,0.1827269793},
{2,46,60,0.2009996772},
{2,47,35,0.1355139613},
{2,47,61,0.1714130938},
{2,48,62,0.1261566281},
{2,49,65,0.1185035184},
{2,50,36,0.1261566281},
{2,50,66,0.1619066298},
{2,51,37,0.1714130938},
{2,51,67,0.1910811812},
{2,52,38,0.2009996772},
{2,52,68,0.2119855285},
{2,53,39,0.22129336},
{2,53,69,0.2269169539},
{2,54,40,0.2347170562},
{2,54,70,0.2370070368},
{2,55,41,0.2424147278},
{2,55,71,0.2428599447},
{2,56,42,0.2449268699},
{2,56,72,0.2447798103},
{2,57,43,0.2424147278},
{2,57,73,0.2428599447},
{2,58,44,0.2347170562},
{2,58,74,0.2370070368},
{2,59,45,0.22129336},
{2,59,75,0.2269169539},
{2,60,46,0.2009996772},
{2,60,76,0.2119855285},
{2,61,47,0.1714130938},
{2,61,77,0.1910811812},
{2,62,48,0.1261566281},
{2,62,78,0.1619066298},
{2,63,79,0.1185035184},
{2,65,49,0.1185035184},
{2,66,50,0.1619066298},
{2,67,51,0.1910811812},
{2,68,52,0.2119855285},
{2,69,53,0.2269169539},
{2,70,54,0.2370070368},
{2,71,55,0.2428599447},
{2,72,56,0.2447798103},
{2,73,57,0.2428599447},
{2,74,58,0.2370070368},
{2,75,59,0.2269169539},
{2,76,60,0.2119855285},
{2,77,61,0.1910811812},
{2,78,62,0.1619066298},
{2,79,63,0.1185035184},
{3,0,3,0.2820948064},
{3,1,4,0.218509689},
{3,2,7,0.218509689},
{3,3,0,0.2820948064},
{3,3,6,-0.1261566281},
{3,3,8,0.218509689},
{3,4,1,0.218509689},
{3,4,9,0.2261790186},
{3,4,11,-0.05839917064},
{3,5,10,0.1846743971},
{3,6,3,-0.1261566281},
{3,6,13,0.2023006529},
{3,7,2,0.218509689},
{3,7,12,-0.1430481672},
{3,7,14,0.1846743971},
{3,8,3,0.218509689},
{3,8,13,-0.05839917064},
{3,8,15,0.2261790186},
{3,9,4,0.2261790186},
{3,9,16,0.230329439},
{3,9,18,-0.04352817312},
{3,10,5,0.1846743971},
{3,10,17,0.1994711459},
{3,10,19,-0.07539300621},
{3,11,4,-0.05839917064},
{3,11,18,0.1685838848},
{3,12,7,-0.1430481672},
{3,12,21,0.1946638972},
{3,13,6,0.2023006529},
{3,13,8,-0.05839917064},
{3,13,20,-0.1507860124},
{3,13,22,0.1685838848},
{3,14,7,0.1846743971},
{3,14,21,-0.07539300621},
{3,14,23,0.1994711459},
{3,15,8,0.2261790186},
{3,15,22,-0.04352817312},
{3,15,24,0.230329439},
{3,16,9,0.230329439},
{3,16,25,0.2329321057},
{3,16,27,-0.03472346812},
{3,17,10,0.1994711459},
{3,17,26,0.2083408087},
{3,17,28,-0.06014281139},
{3,18,9,-0.04352817312},
{3,18,11,0.1685838848},
{3,18,27,0.1837393194},
{3,18,29,-0.08505477756},
{3,19,10,-0.07539300621},
{3,19,28,0.159122929},
{3,20,13,-0.1507860124},
{3,20,31,0.1901882738},
{3,21,12,0.1946638972},
{3,21,14,-0.07539300621},
{3,21,30,-0.1552880704},
{3,21,32,0.159122929},
{3,22,13,0.1685838848},
{3,22,15,-0.04352817312},
{3,22,31,-0.08505477756},
{3,22,33,0.1837393194},
{3,23,14,0.1994711459},
{3,23,32,-0.06014281139},
{3,23,34,0.2083408087},
{3,24,15,0.230329439},
{3,24,33,-0.03472346812},
{3,24,35,0.2329321057},
{3,25,16,0.2329321057},
{3,25,36,0.2347170562},
{3,25,38,-0.02889167145},
{3,26,17,0.2083408087},
{3,26,37,0.2142663747},
{3,26,39,-0.05004184321},
{3,27,16,-0.03472346812},
{3,27,18,0.1837393194},
{3,27,38,0.1938112229},
{3,27,40,-0.07076985389},
{3,28,17,-0.06014281139},
{3,28,19,0.159122929},
{3,28,39,0.1733500361},
{3,28,41,-0.09136348963},
{3,29,18,-0.08505477756},
{3,29,40,0.1528803557},
{3,30,21,-0.1552880704},
{3,30,43,0.1872394383},
{3,31,20,0.1901882738},
{3,31,22,-0.08505477756},
{3,31,42,-0.1582462043},
{3,31,44,0.1528803557},
{3,32,21,0.159122929},
{3,32,23,-0.06014281139},
{3,32,43,-0.09136348963},
{3,32,45,0.1733500361},
{3,33,22,0.1837393194},
{3,33,24,-0.03472346812},
{3,33,44,-0.07076985389},
{3,33,46,0.1938112229},
{3,34,23,0.2083408087},
{3,34,45,-0.05004184321},
{3,34,47,0.2142663747},
{3,35,24,0.2329321057},
{3,35,46,-0.02889167145},
{3,35,48,0.2347170562},
{3,36,25,0.2347170562},
{3,36,49,0.2360174358},
{3,36,51,-0.02474134974},
{3,37,26,0.2142663747},
{3,37,50,0.218509689},
{3,37,52,-0.04285327345},
{3,38,25,-0.02889167145},
{3,38,27,0.1938112229},
{3,38,51,0.2009996772},
{3,38,53,-0.06060368195},
{3,39,26,-0.05004184321},
{3,39,28,0.1733500361},
{3,39,52,0.1834867597},
{3,39,54,-0.07823901623},
{3,40,27,-0.07076985389},
{3,40,29,0.1528803557},
{3,40,53,0.1659700274},
{3,40,55,-0.09582283348},
{3,41,28,-0.09136348963},
{3,41,54,0.1484480947},
{3,42,31,-0.1582462043},
{3,42,57,0.1851473153},
{3,43,30,0.1872394383},
{3,43,32,-0.09136348963},
{3,43,56,-0.1603422761},
{3,43,58,0.1484480947},
{3,44,31,0.1528803557},
{3,44,33,-0.07076985389},
{3,44,57,-0.09582283348},
{3,44,59,0.1659700274},
{3,45,32,0.1733500361},
{3,45,34,-0.05004184321},
{3,45,58,-0.07823901623},
{3,45,60,0.1834867597},
{3,46,33,0.1938112229},
{3,46,35,-0.02889167145},
{3,46,59,-0.06060368195},
{3,46,61,0.2009996772},
{3,47,34,0.2142663747},
{3,47,60,-0.04285327345},
{3,47,62,0.218509689},
{3,48,35,0.2347170562},
{3,48,61,-0.02474134974},
{3,48,63,0.2360174358},
{3,49,36,0.2360174358},
{3,49,64,0.2370070368},
{3,49,66,-0.02163568325},
{3,50,37,0.218509689},
{3,50,65,0.2216997743},
{3,50,67,-0.03747410327},
{3,51,36,-0.02474134974},
{3,51,38,0.2009996772},
{3,51,66,0.20639126},
{3,51,68,-0.05299638212},
{3,52,37,-0.04285327345},
{3,52,39,0.1834867597},
{3,52,67,0.1910811812},
{3,52,69,-0.06841803342},
{3,53,38,-0.06060368195},
{3,53,40,0.1659700274},
{3,53,68,0.1757691205},
{3,53,70,-0.08379463851},
{3,54,39,-0.07823901623},
{3,54,41,0.1484480947},
{3,54,69,0.1604545116},
{3,54,71,-0.09914715588},
{3,55,40,-0.09582283348},
{3,55,70,0.1451365799},
{3,56,43,-0.1603422761},
{3,56,73,0.183584854},
{3,57,42,0.1851473153},
{3,57,44,-0.09582283348},
{3,57,72,-0.1619066298},
{3,57,74,0.1451365799},
{3,58,43,0.1484480947},
{3,58,45,-0.07823901623},
{3,58,73,-0.09914715588},
{3,58,75,0.1604545116},
{3,59,44,0.1659700274},
{3,59,46,-0.06060368195},
{3,59,74,-0.08379463851},
{3,59,76,0.1757691205},
{3,60,45,0.1834867597},
{3,60,47,-0.04285327345},
{3,60,75,-0.06841803342},
{3,60,77,0.1910811812},
{3,61,46,0.2009996772},
{3,61,48,-0.02474134974},
{3,61,76,-0.05299638212},
{3,61,78,0.20639126},
{3,62,47,0.218509689},
{3,62,77,-0.03747410327},
{3,62,79,0.2216997743},
{3,63,48,0.2360174358},
{3,63,78,-0.02163568325},
{3,63,80,0.2370070368},
{3,64,49,0.2370070368},
{3,65,50,0.2216997743},
{3,66,49,-0.02163568325},
{3,66,51,0.20639126},
{3,67,50,-0.03747410327},
{3,67,52,0.1910811812},
{3,68,51,-0.05299638212},
{3,68,53,0.1757691205},
{3,69,52,-0.06841803342},
{3,69,54,0.1604545116},
{3,70,53,-0.08379463851},
{3,70,55,0.1451365799},
{3,71,54,-0.09914715588},
{3,72,57,-0.1619066298},
{3,73,56,0.183584854},
{3,73,58,-0.09914715588},
{3,74,57,0.1451365799},
{3,74,59,-0.08379463851},
{3,75,58,0.1604545116},
{3,75,60,-0.06841803342},
{3,76,59,0.1757691205},
{3,76,61,-0.05299638212},
{3,77,60,0.1910811812},
{3,77,62,-0.03747410327},
{3,78,61,0.20639126},
{3,78,63,-0.02163568325},
{3,79,62,0.2216997743},
{3,80,63,0.2370070368},
{4,0,4,0.2820948064},
{4,1,3,0.218509689},
{4,1,13,-0.05839917064},
{4,1,15,-0.2261790186},
{4,2,10,0.1846743971},
{4,3,1,0.218509689},
{4,3,9,0.2261790186},
{4,3,11,-0.05839917064},
{4,4,0,0.2820948064},
{4,4,6,-0.1802237481},
{4,4,20,0.0402992554},
{4,4,24,-0.238413617},
{4,5,7,0.1560783535},
{4,5,21,-0.06371872127},
{4,5,23,-0.1685838848},
{4,6,4,-0.1802237481},
{4,6,18,0.1560783535},
{4,7,5,0.1560783535},
{4,7,17,0.1685838848},
{4,7,19,-0.06371872127},
{4,8,16,0.238413617},
{4,9,3,0.2261790186},
{4,9,13,-0.09403159469},
{4,9,31,0.01694331691},
{4,9,35,-0.245532006},
{4,10,2,0.1846743971},
{4,10,12,-0.1880631894},
{4,10,30,0.05357947573},
{4,10,34,-0.1901882738},
{4,11,3,-0.05839917064},
{4,11,13,0.145673126},
{4,11,15,0.09403159469},
{4,11,31,-0.06562118977},
{4,11,33,-0.1417579651},
{4,12,10,-0.1880631894},
{4,12,28,0.1417579651},
{4,13,1,-0.05839917064},
{4,13,9,-0.09403159469},
{4,13,11,0.145673126},
{4,13,27,0.1417579651},
{4,13,29,-0.06562118977},
{4,14,26,0.1901882738},
{4,15,1,-0.2261790186},
{4,15,11,0.09403159469},
{4,15,25,0.245532006},
{4,15,29,-0.01694331691},
{4,16,8,0.238413617},
{4,16,22,-0.07508081943},
{4,16,44,0.0112460684},
{4,16,48,-0.2502092123},
{4,17,7,0.1685838848},
{4,17,21,-0.1126212254},
{4,17,43,0.02514697239},
{4,17,47,-0.2042949796},
{4,18,6,0.1560783535},
{4,18,20,-0.1903646141},
{4,18,24,0.07508081943},
{4,18,42,0.0615972504},
{4,18,46,-0.1629710048},
{4,19,7,-0.06371872127},
{4,19,21,0.1418894082},
{4,19,23,0.1126212254},
{4,19,43,-0.0665326342},
{4,19,45,-0.1262367964},
{4,20,4,0.0402992554},
{4,20,18,-0.1903646141},
{4,20,40,0.1330652684},
{4,21,5,-0.06371872127},
{4,21,17,-0.1126212254},
{4,21,19,0.1418894082},
{4,21,39,0.1262367964},
{4,21,41,-0.0665326342},
{4,22,16,-0.07508081943},
{4,22,38,0.1629710048},
{4,23,5,-0.1685838848},
{4,23,19,0.1126212254},
{4,23,37,0.2042949796},
{4,23,41,-0.02514697239},
{4,24,4,-0.238413617},
{4,24,18,0.07508081943},
{4,24,36,0.2502092123},
{4,24,40,-0.0112460684},
{4,25,15,0.245532006},
{4,25,33,-0.06264134496},
{4,25,59,0.008013107814},
{4,25,63,-0.2535234094},
{4,26,14,0.1901882738},
{4,26,32,-0.09704355896},
{4,26,58,0.01791785471},
{4,26,62,-0.2142663747},
{4,27,13,0.1417579651},
{4,27,31,-0.1210345849},
{4,27,35,0.06264134496},
{4,27,57,0.03103463352},
{4,27,61,-0.1782803982},
{4,28,12,0.1417579651},
{4,28,30,-0.191372484},
{4,28,34,0.09704355896},
{4,28,56,0.06704246998},
{4,28,60,-0.145565331},
{4,29,13,-0.06562118977},
{4,29,15,-0.01694331691},
{4,29,31,0.1400703043},
{4,29,33,0.1210345849},
{4,29,57,-0.06704246998},
{4,29,59,-0.1161209717},
{4,30,10,0.05357947573},
{4,30,28,-0.191372484},
{4,30,54,0.12720415},
{4,31,9,0.01694331691},
{4,31,11,-0.06562118977},
{4,31,27,-0.1210345849},
{4,31,29,0.1400703043},
{4,31,53,0.1161209717},
{4,31,55,-0.06704246998},
{4,32,26,-0.09704355896},
{4,32,52,0.145565331},
{4,33,11,-0.1417579651},
{4,33,25,-0.06264134496},
{4,33,29,0.1210345849},
{4,33,51,0.1782803982},
{4,33,55,-0.03103463352},
{4,34,10,-0.1901882738},
{4,34,28,0.09704355896},
{4,34,50,0.2142663747},
{4,34,54,-0.01791785471},
{4,35,9,-0.245532006},
{4,35,27,0.06264134496},
{4,35,49,0.2535234094},
{4,35,53,-0.008013107814},
{4,36,24,0.2502092123},
{4,36,46,-0.053793367},
{4,36,76,0.006000658963},
{4,36,80,-0.2559968531},
{4,37,23,0.2042949796},
{4,37,45,-0.08505477756},
{4,37,75,0.01341788098},
{4,37,79,-0.2216997743},
{4,38,22,0.1629710048},
{4,38,44,-0.1088024378},
{4,38,48,0.053793367},
{4,38,74,0.02324045077},
{4,38,78,-0.189852342},
{4,39,21,0.1262367964},
{4,39,43,-0.1256342381},
{4,39,47,0.08505477756},
{4,39,73,0.03550037742},
{4,39,77,-0.1604545116},
{4,40,20,0.1330652684},
{4,40,24,-0.0112460684},
{4,40,42,-0.1919094622},
{4,40,46,0.1088024378},
{4,40,72,0.07100075483},
{4,40,76,-0.1335062236},
{4,41,21,-0.0665326342},
{4,41,23,-0.02514697239},
{4,41,43,0.1390516162},
{4,41,45,0.1256342381},
{4,41,73,-0.06735722721},
{4,41,75,-0.1090073809},
{4,42,18,0.0615972504},
{4,42,40,-0.1919094622},
{4,42,70,0.1229769066},
{4,43,17,0.02514697239},
{4,43,19,-0.0665326342},
{4,43,39,-0.1256342381},
{4,43,41,0.1390516162},
{4,43,69,0.1090073809},
{4,43,71,-0.06735722721},
{4,44,16,0.0112460684},
{4,44,38,-0.1088024378},
{4,44,68,0.1335062236},
{4,45,19,-0.1262367964},
{4,45,37,-0.08505477756},
{4,45,41,0.1256342381},
{4,45,67,0.1604545116},
{4,45,71,-0.03550037742},
{4,46,18,-0.1629710048},
{4,46,36,-0.053793367},
{4,46,40,0.1088024378},
{4,46,66,0.189852342},
{4,46,70,-0.02324045077},
{4,47,17,-0.2042949796},
{4,47,39,0.08505477756},
{4,47,65,0.2216997743},
{4,47,69,-0.01341788098},
{4,48,16,-0.2502092123},
{4,48,38,0.053793367},
{4,48,64,0.2559968531},
{4,48,68,-0.006000658963},
{4,49,35,0.2535234094},
{4,49,61,-0.04715949297},
{4,50,34,0.2142663747},
{4,50,60,-0.07562343031},
{4,51,33,0.1782803982},
{4,51,59,-0.09837755561},
{4,51,63,0.04715949297},
{4,52,32,0.145565331},
{4,52,58,-0.1159390584},
{4,52,62,0.07562343031},
{4,53,31,0.1161209717},
{4,53,35,-0.008013107814},
{4,53,57,-0.1284400076},
{4,53,61,0.09837755561},
{4,54,30,0.12720415},
{4,54,34,-0.01791785471},
{4,54,56,-0.1922314018},
{4,54,60,0.1159390584},
{4,55,31,-0.06704246998},
{4,55,33,-0.03103463352},
{4,55,57,0.1384224296},
{4,55,59,0.1284400076},
{4,56,28,0.06704246998},
{4,56,54,-0.1922314018},
{4,57,27,0.03103463352},
{4,57,29,-0.06704246998},
{4,57,53,-0.1284400076},
{4,57,55,0.1384224296},
{4,58,26,0.01791785471},
{4,58,52,-0.1159390584},
{4,59,25,0.008013107814},
{4,59,29,-0.1161209717},
{4,59,51,-0.09837755561},
{4,59,55,0.1284400076},
{4,60,28,-0.145565331},
{4,60,50,-0.07562343031},
{4,60,54,0.1159390584},
{4,61,27,-0.1782803982},
{4,61,49,-0.04715949297},
{4,61,53,0.09837755561},
{4,62,26,-0.2142663747},
{4,62,52,0.07562343031},
{4,63,25,-0.2535234094},
{4,63,51,0.04715949297},
{4,64,48,0.2559968531},
{4,64,78,-0.04199392349},
{4,65,47,0.2216997743},
{4,65,77,-0.0680379346},
{4,66,46,0.189852342},
{4,66,76,-0.08957610279},
{4,66,80,0.04199392349},
{4,67,45,0.1604545116},
{4,67,75,-0.1070639193},
{4,67,79,0.0680379346},
{4,68,44,0.1335062236},
{4,68,48,-0.006000658963},
{4,68,74,-0.1206183657},
{4,68,78,0.08957610279},
{4,69,43,0.1090073809},
{4,69,47,-0.01341788098},
{4,69,73,-0.1302827299},
{4,69,77,0.1070639193},
{4,70,42,0.1229769066},
{4,70,46,-0.02324045077},
{4,70,72,-0.192440331},
{4,70,76,0.1206183657},
{4,71,43,-0.06735722721},
{4,71,45,-0.03550037742},
{4,71,73,0.1380061209},
{4,71,75,0.1302827299},
{4,72,40,0.07100075483},
{4,72,70,-0.192440331},
{4,73,39,0.03550037742},
{4,73,41,-0.06735722721},
{4,73,69,-0.1302827299},
{4,73,71,0.1380061209},
{4,74,38,0.02324045077},
{4,74,68,-0.1206183657},
{4,75,37,0.01341788098},
{4,75,41,-0.1090073809},
{4,75,67,-0.1070639193},
{4,75,71,0.1302827299},
{4,76,36,0.006000658963},
{4,76,40,-0.1335062236},
{4,76,66,-0.08957610279},
{4,76,70,0.1206183657},
{4,77,39,-0.1604545116},
{4,77,65,-0.0680379346},
{4,77,69,0.1070639193},
{4,78,38,-0.189852342},
{4,78,64,-0.04199392349},
{4,78,68,0.08957610279},
{4,79,37,-0.2216997743},
{4,79,67,0.0680379346},
{4,80,36,-0.2559968531},
{4,80,66,0.04199392349},
{5,0,5,0.2820948064},
{5,1,2,0.218509689},
{5,1,12,-0.1430481672},
{5,1,14,-0.1846743971},
{5,2,1,0.218509689},
{5,2,11,0.2335966825},
{5,3,10,0.1846743971},
{5,4,7,0.1560783535},
{5,4,21,-0.06371872127},
{5,4,23,-0.1685838848},
{5,5,0,0.2820948064},
{5,5,6,0.09011187404},
{5,5,8,-0.1560783535},
{5,5,20,-0.1611970216},
{5,5,22,-0.1802237481},
{5,6,5,0.09011187404},
{5,6,19,0.2207281142},
{5,7,4,0.1560783535},
{5,7,18,0.1802237481},
{5,8,5,-0.1560783535},
{5,8,17,0.1685838848},
{5,8,19,0.06371872127},
{5,9,14,0.1486770064},
{5,9,32,-0.04482780397},
{5,9,34,-0.1552880704},
{5,10,3,0.1846743971},
{5,10,13,0.1151647195},
{5,10,15,-0.1486770064},
{5,10,31,-0.08300496638},
{5,10,33,-0.1793112159},
{5,11,2,0.2335966825},
{5,11,12,0.05947080255},
{5,11,14,-0.1151647195},
{5,11,30,-0.1694331765},
{5,11,32,-0.1736173481},
{5,12,1,-0.1430481672},
{5,12,11,0.05947080255},
{5,12,29,0.2143179029},
{5,13,10,0.1151647195},
{5,13,28,0.1736173481},
{5,14,1,-0.1846743971},
{5,14,9,0.1486770064},
{5,14,11,-0.1151647195},
{5,14,27,0.1793112159},
{5,14,29,0.08300496638},
{5,15,10,-0.1486770064},
{5,15,26,0.1552880704},
{5,15,28,0.04482780397},
{5,16,23,0.1404633522},
{5,16,45,-0.03373820335},
{5,16,47,-0.1444583684},
{5,17,8,0.1685838848},
{5,17,22,0.1327253878},
{5,17,24,-0.1404633522},
{5,17,44,-0.06361737102},
{5,17,46,-0.1742233336},
{5,18,7,0.1802237481},
{5,18,21,0.09029786289},
{5,18,23,-0.1327253878},
{5,18,43,-0.0940913558},
{5,18,45,-0.1785257906},
{5,19,6,0.2207281142},
{5,19,8,0.06371872127},
{5,19,20,0.04486937076},
{5,19,22,-0.09029786289},
{5,19,42,-0.1742233336},
{5,19,44,-0.1683157384},
{5,20,5,-0.1611970216},
{5,20,19,0.04486937076},
{5,20,41,0.2103946656},
{5,21,4,-0.06371872127},
{5,21,18,0.09029786289},
{5,21,40,0.1683157384},
{5,22,5,-0.1802237481},
{5,22,17,0.1327253878},
{5,22,19,-0.09029786289},
{5,22,39,0.1785257906},
{5,22,41,0.0940913558},
{5,23,4,-0.1685838848},
{5,23,16,0.1404633522},
{5,23,18,-0.1327253878},
{5,23,38,0.1742233336},
{5,23,40,0.06361737102},
{5,24,17,-0.1404633522},
{5,24,37,0.1444583684},
{5,24,39,0.03373820335},
{5,25,34,0.1328823715},
{5,25,60,-0.02657647245},
{5,25,62,-0.1355139613},
{5,26,15,0.1552880704},
{5,26,33,0.138662532},
{5,26,35,-0.1328823715},
{5,26,59,-0.05067934468},
{5,26,61,-0.1680843681},
{5,27,14,0.1793112159},
{5,27,32,0.1143669337},
{5,27,34,-0.138662532},
{5,27,58,-0.07601901889},
{5,27,60,-0.1782803982},
{5,28,13,0.1736173481},
{5,28,15,0.04482780397},
{5,28,31,0.07411824167},
{5,28,33,-0.1143669337},
{5,28,57,-0.1013586894},
{5,28,59,-0.1755584031},
{5,29,12,0.2143179029},
{5,29,14,0.08300496638},
{5,29,30,0.03616599739},
{5,29,32,-0.07411824167},
{5,29,56,-0.1773777157},
{5,29,58,-0.1642198414},
{5,30,11,-0.1694331765},
{5,30,29,0.03616599739},
{5,30,55,0.2077234983},
{5,31,10,-0.08300496638},
{5,31,28,0.07411824167},
{5,31,54,0.1642198414},
{5,32,9,-0.04482780397},
{5,32,11,-0.1736173481},
{5,32,27,0.1143669337},
{5,32,29,-0.07411824167},
{5,32,53,0.1755584031},
{5,32,55,0.1013586894},
{5,33,10,-0.1793112159},
{5,33,26,0.138662532},
{5,33,28,-0.1143669337},
{5,33,52,0.1782803982},
{5,33,54,0.07601901889},
{5,34,9,-0.1552880704},
{5,34,25,0.1328823715},
{5,34,27,-0.138662532},
{5,34,51,0.1680843681},
{5,34,53,0.05067934468},
{5,35,26,-0.1328823715},
{5,35,50,0.1355139613},
{5,35,52,0.02657647245},
{5,36,47,0.1261566281},
{5,36,77,-0.02163568325},
{5,36,79,-0.1279984266},
{5,37,24,0.1444583684},
{5,37,46,0.1397592574},
{5,37,48,-0.1261566281},
{5,37,76,-0.04157378525},
{5,37,78,-0.1619066298},
{5,38,23,0.1742233336},
{5,38,45,0.1269361824},
{5,38,47,-0.1397592574},
{5,38,75,-0.06293544173},
{5,38,77,-0.1757691205},
{5,39,22,0.1785257906},
{5,39,24,0.03373820335},
{5,39,44,0.09932258725},
{5,39,46,-0.1269361824},
{5,39,74,-0.0848621279},
{5,39,76,-0.178008303},
{5,40,21,0.1683157384},
{5,40,23,0.06361737102},
{5,40,43,0.06281711906},
{5,40,45,-0.09932258725},
{5,40,73,-0.1065011248},
{5,40,75,-0.1723558009},
{5,41,20,0.2103946656},
{5,41,22,0.0940913558},
{5,41,42,0.03034355119},
{5,41,44,-0.06281711906},
{5,41,72,-0.1796192676},
{5,41,74,-0.1610145718},
{5,42,19,-0.1742233336},
{5,42,41,0.03034355119},
{5,42,71,0.2057797313},
{5,43,18,-0.0940913558},
{5,43,40,0.06281711906},
{5,43,70,0.1610145718},
{5,44,17,-0.06361737102},
{5,44,19,-0.1683157384},
{5,44,39,0.09932258725},
{5,44,41,-0.06281711906},
{5,44,69,0.1723558009},
{5,44,71,0.1065011248},
{5,45,16,-0.03373820335},
{5,45,18,-0.1785257906},
{5,45,38,0.1269361824},
{5,45,40,-0.09932258725},
{5,45,68,0.178008303},
{5,45,70,0.0848621279},
{5,46,17,-0.1742233336},
{5,46,37,0.1397592574},
{5,46,39,-0.1269361824},
{5,46,67,0.1757691205},
{5,46,69,0.06293544173},
{5,47,16,-0.1444583684},
{5,47,36,0.1261566281},
{5,47,38,-0.1397592574},
{5,47,66,0.1619066298},
{5,47,68,0.04157378525},
{5,48,37,-0.1261566281},
{5,48,65,0.1279984266},
{5,48,67,0.02163568325},
{5,49,62,0.1202335879},
{5,50,35,0.1355139613},
{5,50,61,0.1386429518},
{5,50,63,-0.1202335879},
{5,51,34,0.1680843681},
{5,51,60,0.1334787607},
{5,51,62,-0.1386429518},
{5,52,33,0.1782803982},
{5,52,35,0.02657647245},
{5,52,59,0.1147738099},
{5,52,61,-0.1334787607},
{5,53,32,0.1755584031},
{5,53,34,0.05067934468},
{5,53,58,0.08739235252},
{5,53,60,-0.1147738099},
{5,54,31,0.1642198414},
{5,54,33,0.07601901889},
{5,54,57,0.05449247733},
{5,54,59,-0.08739235252},
{5,55,30,0.2077234983},
{5,55,32,0.1013586894},
{5,55,56,0.02615937963},
{5,55,58,-0.05449247733},
{5,56,29,-0.1773777157},
{5,56,55,0.02615937963},
{5,57,28,-0.1013586894},
{5,57,54,0.05449247733},
{5,58,27,-0.07601901889},
{5,58,29,-0.1642198414},
{5,58,53,0.08739235252},
{5,58,55,-0.05449247733},
{5,59,26,-0.05067934468},
{5,59,28,-0.1755584031},
{5,59,52,0.1147738099},
{5,59,54,-0.08739235252},
{5,60,25,-0.02657647245},
{5,60,27,-0.1782803982},
{5,60,51,0.1334787607},
{5,60,53,-0.1147738099},
{5,61,26,-0.1680843681},
{5,61,50,0.1386429518},
{5,61,52,-0.1334787607},
{5,62,25,-0.1355139613},
{5,62,49,0.1202335879},
{5,62,51,-0.1386429518},
{5,63,50,-0.1202335879},
{5,64,79,0.1150050983},
{5,65,48,0.1279984266},
{5,65,78,0.1364802569},
{5,65,80,-0.1150050983},
{5,66,47,0.1619066298},
{5,66,77,0.1366416663},
{5,66,79,-0.1364802569},
{5,67,46,0.1757691205},
{5,67,48,0.02163568325},
{5,67,76,0.124397032},
{5,67,78,-0.1366416663},
{5,68,45,0.178008303},
{5,68,47,0.04157378525},
{5,68,75,0.1039296612},
{5,68,77,-0.124397032},
{5,69,44,0.1723558009},
{5,69,46,0.06293544173},
{5,69,74,0.07785882056},
{5,69,76,-0.1039296612},
{5,70,43,0.1610145718},
{5,70,45,0.0848621279},
{5,70,73,0.04811008275},
{5,70,75,-0.07785882056},
{5,71,42,0.2057797313},
{5,71,44,0.1065011248},
{5,71,72,0.02300101891},
{5,71,74,-0.04811008275},
{5,72,41,-0.1796192676},
{5,72,71,0.02300101891},
{5,73,40,-0.1065011248},
{5,73,70,0.04811008275},
{5,74,39,-0.0848621279},
{5,74,41,-0.1610145718},
{5,74,69,0.07785882056},
{5,74,71,-0.04811008275},
{5,75,38,-0.06293544173},
{5,75,40,-0.1723558009},
{5,75,68,0.1039296612},
{5,75,70,-0.07785882056},
{5,76,37,-0.04157378525},
{5,76,39,-0.178008303},
{5,76,67,0.124397032},
{5,76,69,-0.1039296612},
{5,77,36,-0.02163568325},
{5,77,38,-0.1757691205},
{5,77,66,0.1366416663},
{5,77,68,-0.124397032},
{5,78,37,-0.1619066298},
{5,78,65,0.1364802569},
{5,78,67,-0.1366416663},
{5,79,36,-0.1279984266},
{5,79,64,0.1150050983},
{5,79,66,-0.1364802569},
{5,80,65,-0.1150050983},
{6,0,6,0.2820948064},
{6,1,1,-0.1261566281},
{6,1,11,0.2023006529},
{6,2,2,0.2523132563},
{6,2,12,0.2477666885},
{6,3,3,-0.1261566281},
{6,3,13,0.2023006529},
{6,4,4,-0.1802237481},
{6,4,18,0.1560783535},
{6,5,5,0.09011187404},
{6,5,19,0.2207281142},
{6,6,0,0.2820948064},
{6,6,6,0.1802237481},
{6,6,20,0.2417955399},
{6,7,7,0.09011187404},
{6,7,21,0.2207281142},
{6,8,8,-0.1802237481},
{6,8,22,0.1560783535},
{6,9,9,-0.2102610469},
{6,9,27,0.1267921776},
{6,10,10,-4.190417243e-17},
{6,10,28,0.1901882738},
{6,11,1,0.2023006529},
{6,11,11,0.1261566281},
{6,11,29,0.2273184657},
{6,12,2,0.2477666885},
{6,12,12,0.1682088375},
{6,12,30,0.2396146953},
{6,13,3,0.2023006529},
{6,13,13,0.1261566281},
{6,13,31,0.2273184657},
{6,14,14,-4.190417243e-17},
{6,14,32,0.1901882738},
{6,15,15,-0.2102610469},
{6,15,33,0.1267921776},
{6,16,16,-0.2293756902},
{6,16,38,0.1066895723},
{6,17,17,-0.05734392256},
{6,17,39,0.165282771},
{6,18,4,0.1560783535},
{6,18,18,0.06553591043},
{6,18,40,0.2061438411},
{6,19,5,0.2207281142},
{6,19,19,0.1392638087},
{6,19,41,0.2304758132},
{6,20,6,0.2417955399},
{6,20,20,0.1638397723},
{6,20,42,0.238565132},
{6,21,7,0.2207281142},
{6,21,21,0.1392638087},
{6,21,43,0.2304758132},
{6,22,8,0.1560783535},
{6,22,22,0.06553591043},
{6,22,44,0.2061438411},
{6,23,23,-0.05734392256},
{6,23,45,0.165282771},
{6,24,24,-0.2293756902},
{6,24,46,0.1066895723},
{6,25,25,-0.2426088899},
{6,25,51,0.09206360579},
{6,26,26,-0.09704355896},
{6,26,52,0.145565331},
{6,27,9,0.1267921776},
{6,27,27,0.01617392711},
{6,27,53,0.1862078011},
{6,28,10,0.1901882738},
{6,28,28,0.09704355896},
{6,28,54,0.2150142491},
{6,29,11,0.2273184657},
{6,29,29,0.145565331},
{6,29,55,0.2322419435},
{6,30,12,0.2396146953},
{6,30,30,0.16173926},
{6,30,56,0.2379771769},
{6,31,13,0.2273184657},
{6,31,31,0.145565331},
{6,31,57,0.2322419435},
{6,32,14,0.1901882738},
{6,32,32,0.09704355896},
{6,32,58,0.2150142491},
{6,33,15,0.1267921776},
{6,33,33,0.01617392711},
{6,33,59,0.1862078011},
{6,34,34,-0.09704355896},
{6,34,60,0.145565331},
{6,35,35,-0.2426088899},
{6,35,61,0.09206360579},
{6,36,36,-0.2523132563},
{6,36,66,0.0809533149},
{6,37,37,-0.1261566281},
{6,37,67,0.1298141032},
{6,38,16,0.1066895723},
{6,38,38,-0.0229375679},
{6,38,68,0.1688735038},
{6,39,17,0.165282771},
{6,39,39,0.05734392256},
{6,39,69,0.1990193427},
{6,40,18,0.2061438411},
{6,40,40,0.1146878451},
{6,40,70,0.2204782814},
{6,41,19,0.2304758132},
{6,41,41,0.1490941942},
{6,41,71,0.2333322763},
{6,42,20,0.238565132},
{6,42,42,0.1605629772},
{6,42,72,0.2376139611},
{6,43,21,0.2304758132},
{6,43,43,0.1490941942},
{6,43,73,0.2333322763},
{6,44,22,0.2061438411},
{6,44,44,0.1146878451},
{6,44,74,0.2204782814},
{6,45,23,0.165282771},
{6,45,45,0.05734392256},
{6,45,75,0.1990193427},
{6,46,24,0.1066895723},
{6,46,46,-0.0229375679},
{6,46,76,0.1688735038},
{6,47,47,-0.1261566281},
{6,47,77,0.1298141032},
{6,48,48,-0.2523132563},
{6,48,78,0.0809533149},
{6,49,49,-0.2597342432},
{6,50,50,-0.148419559},
{6,51,25,0.09206360579},
{6,51,51,-0.05423022434},
{6,52,26,0.145565331},
{6,52,52,0.02283377759},
{6,53,27,0.1862078011},
{6,53,53,0.08277244866},
{6,54,28,0.2150142491},
{6,54,54,0.1255857795},
{6,55,29,0.2322419435},
{6,55,55,0.151273787},
{6,56,30,0.2379771769},
{6,56,56,0.1598364562},
{6,57,31,0.2322419435},
{6,57,57,0.151273787},
{6,58,32,0.2150142491},
{6,58,58,0.1255857795},
{6,59,33,0.1862078011},
{6,59,59,0.08277244866},
{6,60,34,0.145565331},
{6,60,60,0.02283377759},
{6,61,35,0.09206360579},
{6,61,61,-0.05423022434},
{6,62,62,-0.148419559},
{6,63,63,-0.2597342432},
{6,64,64,-0.2655929029},
{6,65,65,-0.165995568},
{6,66,36,0.0809533149},
{6,66,66,-0.07967787236},
{6,67,37,0.1298141032},
{6,67,67,-0.006639822386},
{6,68,38,0.1688735038},
{6,68,68,0.05311857909},
{6,69,39,0.1990193427},
{6,69,69,0.09959733486},
{6,70,40,0.2204782814},
{6,70,70,0.1327964514},
{6,71,41,0.2333322763},
{6,71,71,0.1527159214},
{6,72,42,0.2376139611},
{6,72,72,0.1593557447},
{6,73,43,0.2333322763},
{6,73,73,0.1527159214},
{6,74,44,0.2204782814},
{6,74,74,0.1327964514},
{6,75,45,0.1990193427},
{6,75,75,0.09959733486},
{6,76,46,0.1688735038},
{6,76,76,0.05311857909},
{6,77,47,0.1298141032},
{6,77,77,-0.006639822386},
{6,78,48,0.0809533149},
{6,78,78,-0.07967787236},
{6,79,79,-0.165995568},
{6,80,80,-0.2655929029},
{7,0,7,0.2820948064},
{7,1,10,0.1846743971},
{7,2,3,0.218509689},
{7,2,13,0.2335966825},
{7,3,2,0.218509689},
{7,3,12,-0.1430481672},
{7,3,14,0.1846743971},
{7,4,5,0.1560783535},
{7,4,17,0.1685838848},
{7,4,19,-0.06371872127},
{7,5,4,0.1560783535},
{7,5,18,0.1802237481},
{7,6,7,0.09011187404},
{7,6,21,0.2207281142},
{7,7,0,0.2820948064},
{7,7,6,0.09011187404},
{7,7,8,0.1560783535},
{7,7,20,-0.1611970216},
{7,7,22,0.1802237481},
{7,8,7,0.1560783535},
{7,8,21,-0.06371872127},
{7,8,23,0.1685838848},
{7,9,10,0.1486770064},
{7,9,26,0.1552880704},
{7,9,28,-0.04482780397},
{7,10,1,0.1846743971},
{7,10,9,0.1486770064},
{7,10,11,0.1151647195},
{7,10,27,0.1793112159},
{7,10,29,-0.08300496638},
{7,11,10,0.1151647195},
{7,11,28,0.1736173481},
{7,12,3,-0.1430481672},
{7,12,13,0.05947080255},
{7,12,31,0.2143179029},
{7,13,2,0.2335966825},
{7,13,12,0.05947080255},
{7,13,14,0.1151647195},
{7,13,30,-0.1694331765},
{7,13,32,0.1736173481},
{7,14,3,0.1846743971},
{7,14,13,0.1151647195},
{7,14,15,0.1486770064},
{7,14,31,-0.08300496638},
{7,14,33,0.1793112159},
{7,15,14,0.1486770064},
{7,15,32,-0.04482780397},
{7,15,34,0.1552880704},
{7,16,17,0.1404633522},
{7,16,37,0.1444583684},
{7,16,39,-0.03373820335},
{7,17,4,0.1685838848},
{7,17,16,0.1404633522},
{7,17,18,0.1327253878},
{7,17,38,0.1742233336},
{7,17,40,-0.06361737102},
{7,18,5,0.1802237481},
{7,18,17,0.1327253878},
{7,18,19,0.09029786289},
{7,18,39,0.1785257906},
{7,18,41,-0.0940913558},
{7,19,4,-0.06371872127},
{7,19,18,0.09029786289},
{7,19,40,0.1683157384},
{7,20,7,-0.1611970216},
{7,20,21,0.04486937076},
{7,20,43,0.2103946656},
{7,21,6,0.2207281142},
{7,21,8,-0.06371872127},
{7,21,20,0.04486937076},
{7,21,22,0.09029786289},
{7,21,42,-0.1742233336},
{7,21,44,0.1683157384},
{7,22,7,0.1802237481},
{7,22,21,0.09029786289},
{7,22,23,0.1327253878},
{7,22,43,-0.0940913558},
{7,22,45,0.1785257906},
{7,23,8,0.1685838848},
{7,23,22,0.1327253878},
{7,23,24,0.1404633522},
{7,23,44,-0.06361737102},
{7,23,46,0.1742233336},
{7,24,23,0.1404633522},
{7,24,45,-0.03373820335},
{7,24,47,0.1444583684},
{7,25,26,0.1328823715},
{7,25,50,0.1355139613},
{7,25,52,-0.02657647245},
{7,26,9,0.1552880704},
{7,26,25,0.1328823715},
{7,26,27,0.138662532},
{7,26,51,0.1680843681},
{7,26,53,-0.05067934468},
{7,27,10,0.1793112159},
{7,27,26,0.138662532},
{7,27,28,0.1143669337},
{7,27,52,0.1782803982},
{7,27,54,-0.07601901889},
{7,28,9,-0.04482780397},
{7,28,11,0.1736173481},
{7,28,27,0.1143669337},
{7,28,29,0.07411824167},
{7,28,53,0.1755584031},
{7,28,55,-0.1013586894},
{7,29,10,-0.08300496638},
{7,29,28,0.07411824167},
{7,29,54,0.1642198414},
{7,30,13,-0.1694331765},
{7,30,31,0.03616599739},
{7,30,57,0.2077234983},
{7,31,12,0.2143179029},
{7,31,14,-0.08300496638},
{7,31,30,0.03616599739},
{7,31,32,0.07411824167},
{7,31,56,-0.1773777157},
{7,31,58,0.1642198414},
{7,32,13,0.1736173481},
{7,32,15,-0.04482780397},
{7,32,31,0.07411824167},
{7,32,33,0.1143669337},
{7,32,57,-0.1013586894},
{7,32,59,0.1755584031},
{7,33,14,0.1793112159},
{7,33,32,0.1143669337},
{7,33,34,0.138662532},
{7,33,58,-0.07601901889},
{7,33,60,0.1782803982},
{7,34,15,0.1552880704},
{7,34,33,0.138662532},
{7,34,35,0.1328823715},
{7,34,59,-0.05067934468},
{7,34,61,0.1680843681},
{7,35,34,0.1328823715},
{7,35,60,-0.02657647245},
{7,35,62,0.1355139613},
{7,36,37,0.1261566281},
{7,36,65,0.1279984266},
{7,36,67,-0.02163568325},
{7,37,16,0.1444583684},
{7,37,36,0.1261566281},
{7,37,38,0.1397592574},
{7,37,66,0.1619066298},
{7,37,68,-0.04157378525},
{7,38,17,0.1742233336},
{7,38,37,0.1397592574},
{7,38,39,0.1269361824},
{7,38,67,0.1757691205},
{7,38,69,-0.06293544173},
{7,39,16,-0.03373820335},
{7,39,18,0.1785257906},
{7,39,38,0.1269361824},
{7,39,40,0.09932258725},
{7,39,68,0.178008303},
{7,39,70,-0.0848621279},
{7,40,17,-0.06361737102},
{7,40,19,0.1683157384},
{7,40,39,0.09932258725},
{7,40,41,0.06281711906},
{7,40,69,0.1723558009},
{7,40,71,-0.1065011248},
{7,41,18,-0.0940913558},
{7,41,40,0.06281711906},
{7,41,70,0.1610145718},
{7,42,21,-0.1742233336},
{7,42,43,0.03034355119},
{7,42,73,0.2057797313},
{7,43,20,0.2103946656},
{7,43,22,-0.0940913558},
{7,43,42,0.03034355119},
{7,43,44,0.06281711906},
{7,43,72,-0.1796192676},
{7,43,74,0.1610145718},
{7,44,21,0.1683157384},
{7,44,23,-0.06361737102},
{7,44,43,0.06281711906},
{7,44,45,0.09932258725},
{7,44,73,-0.1065011248},
{7,44,75,0.1723558009},
{7,45,22,0.1785257906},
{7,45,24,-0.03373820335},
{7,45,44,0.09932258725},
{7,45,46,0.1269361824},
{7,45,74,-0.0848621279},
{7,45,76,0.178008303},
{7,46,23,0.1742233336},
{7,46,45,0.1269361824},
{7,46,47,0.1397592574},
{7,46,75,-0.06293544173},
{7,46,77,0.1757691205},
{7,47,24,0.1444583684},
{7,47,46,0.1397592574},
{7,47,48,0.1261566281},
{7,47,76,-0.04157378525},
{7,47,78,0.1619066298},
{7,48,47,0.1261566281},
{7,48,77,-0.02163568325},
{7,48,79,0.1279984266},
{7,49,50,0.1202335879},
{7,50,25,0.1355139613},
{7,50,49,0.1202335879},
{7,50,51,0.1386429518},
{7,51,26,0.1680843681},
{7,51,50,0.1386429518},
{7,51,52,0.1334787607},
{7,52,25,-0.02657647245},
{7,52,27,0.1782803982},
{7,52,51,0.1334787607},
{7,52,53,0.1147738099},
{7,53,26,-0.05067934468},
{7,53,28,0.1755584031},
{7,53,52,0.1147738099},
{7,53,54,0.08739235252},
{7,54,27,-0.07601901889},
{7,54,29,0.1642198414},
{7,54,53,0.08739235252},
{7,54,55,0.05449247733},
{7,55,28,-0.1013586894},
{7,55,54,0.05449247733},
